100
1234 5678
9876 9876
2408 1032
1345 6824
5873 1537
5423 1568
5372 0638
3859 1720
7362 5709
8961 4690
1274 5064
1536 5789
3428 8952
4612 6731
1648 5841
3082 1756
6807 6249
1648 7540
6352 8125
8357 3425
6527 3194
3947 7603
9650 8754
4692 3128
8473 4725
9134 3859
6491 8615
9561 8752
8236 7593
6459 3178
2615 2153
5871 4537
3620 3467
4196 3076
0417 7402
4578 3892
0735 6481
7901 4125
8516 5178
6285 8316
5971 4273
3617 5981
9425 1372
2318 5874
5264 8291
7026 0925
4169 8642
5961 7893
5163 4391
7452 8439
4157 6317
1385 8650
5304 4586
4591 5326
0726 3146
9678 2745
8137 8437
1054 5348
1758 5103
7461 1063
6418 5301
1382 3167
7291 4981
0871 5671
2497 8729
5307 5319
1064 2410
4825 2506
5498 8431
6173 8514
7593 2103
8756 3461
4937 6187
7910 5264
8796 6231
7469 8901
4720 3712
7403 6140
0834 4150
3627 2780
4571 1694
0381 6127
5214 1682
1690 4726
3915 1072
5649 7451
7285 7241
1542 8271
7083 7201
8172 1873
8149 2835
8502 3251
4652 2705
0578 6324
1847 5471
1408 7184
4061 3594
7410 6738
1792 4872
7843 3501
