734 447 7176
991 463 153
421 607 5730
404 315 1110
418 51 725
8 418 3943
788 293 2433
939 895 3294
318 382 9119
234 783 3259
425 549 6013
617 216 4919
934 821 9310
561 459 8950
221 766 7910
563 720 2824
647 436 8107
805 919 4118
557 371 3204
382 712 9494
743 767 2209
573 994 9330
111 285 706
5 179 6975
618 100 3894
431 737 5464
383 215 7901
78 994 9473
372 555 2032
474 86 2552
416 377 2962
241 474 5584
512 844 3114
897 542 8124
667 752 971
128 737 6092
993 40 2000
639 591 3451
511 450 6598
443 856 8269
298 193 7048
723 72 1134
336 295 376
952 258 2616
794 152 9336
365 224 2479
708 214 773
735 341 2984
71 422 649
450 623 8102
567 524 9269
540 791 6014
479 408 9919
478 734 187
917 720 591
582 547 826
605 884 2820
559 292 9837
6 842 5324
645 893 4897
880 46 4179
564 222 7975
418 33 7067
799 660 7083
47 959 7930
18 347 3203
104 360 1326
617 967 3688
715 791 4246
825 564 5080
762 520 8336
194 526 8549
712 626 8594
442 729 6244
585 496 7000
846 917 3059
450 241 2350
555 977 1821
805 773 2116
819 863 7069
30 663 9694
895 667 9550
35 210 2107
839 922 6607
299 873 466
253 702 9085
853 147 9414
871 603 9349
591 474 3652
306 425 3872
614 857 769
917 345 3785
344 689 1217
346 810 4079
944 929 9494
192 355 3009
341 532 6951
502 177 3991
899 672 2
539 752 1
0 0 0
