1.07242442 1.004846902 0.821744854 0.539312234 1.004846902 0.76045739 
1.435349835 1.60863663 0.582975788 1.60863663 
0.76045739 0.889322372 1.07242442 0.84137536 0.553505202 0.919709298 
2.14484884 1.190781879 1.913799779 
0.95689989 0.672775208 1.07242442 0.919709298 0.804184768 1.07242442 
0.889322372 1.07242442 0.889322372 0.468367598 0.76045739 1.07242442 
0.830257802 1.60863663 1.507270353 1.60863663 
0.919709298 1.07242442 0.73660725 0.40005098 0.863630592 0.95689989 
1.913799779 2.14484884 1.643489707 
0.63793326 0.714949613 0.669897935 0.459106825 0.216212239 0.669897935 0.4068842 0.560916906 0.592881581 
0.359541489 0.63793326 0.592881581 0.232304566 0.374054843 0.714949613 0.525533159 0.195746409 0.592881581 
0.194591015 0.20907411 0.518178355 0.643454652 0.602908141 0.574139934 0.448863637 0.533593423 0.643454652 0.533593423 
0.76045739 0.293619614 0.804184768 0.69720912 1.07242442 0.715746726 
0.76045739 1.004846902 1.496212123 1.004846902 1.07242442 
0.533593423 0.643454652 0.602908141 0.332103121 0.643454652 0.369370649 0.334350407 0.349010754 0.351677579 0.602908141 
0.912548868 0.826392285 0.38918203 1.148279868 1.148279868 
0.179377166 0.350980334 0.410456479 0.321652476 0.258961045 0.398598735 0.494965117 0.494965117 0.345279721 0.494965117 0.424481214 0.357137465 
0.570343043 0.261342637 0.220214711 0.536810044 0.647722944 0.561079546 0.804318315 0.689781973 
0.468367598 0.889322372 1.004846902 1.07242442 1.07242442 1.07242442 
0.261342637 0.666991779 0.753635176 0.753635176 0.580348381 0.529665243 0.478982104 0.591224803 
0.415128901 0.753635176 0.717674917 0.753635176 0.753635176 0.544388122 0.753635176 0.666991779 
0.919709298 0.293619614 0.863630592 1.07242442 0.95689989 0.863630592 
0.195746409 0.371500452 0.483900553 0.592881581 0.498737374 0.669897935 0.669897935 0.714949613 0.560916906 
0.324318358 1.004846902 0.95689989 1.07242442 0.95689989 0.748106062 
1.160696762 1.295445888 1.379563947 1.507270353 
0.63103152 0.580348381 0.717674917 0.504581406 0.510396408 0.63103152 0.61630864 0.580348381 
0.38918203 0.533593423 0.602908141 0.602908141 0.643454652 0.602908141 0.408317126 0.602908141 0.551825579 
0.986093824 1.103651157 1.103651157 1.03635671 1.205816282 
0.95689989 1.07242442 0.73660725 0.863630592 0.95689989 1.004846902 
0.352343537 1.03635671 1.205816282 1.148279868 1.03635671 
0.243238769 0.717674917 0.603138576 0.666991779 0.804318315 0.52290684 0.804318315 0.666991779 
0.466380631 1.148279868 1.067186846 1.205816282 0.965021721 
0.220214711 0.753635176 0.312840111 0.717674917 0.516495178 0.753635176 0.753635176 0.804318315 
0.4910715 0.613139532 0.669897935 0.547829902 0.483900553 0.669897935 0.63793326 0.459106825 0.669897935 
0.417120148 0.44363093 1.004846902 1.004846902 0.773797842 1.004846902 
0.631377643 0.34290084 0.740254793 0.58331018 0.788322255 0.820199905 0.762276319 
0.293619614 1.004846902 0.557250678 0.586129298 1.004846902 1.07242442 
0.462267629 0.663255293 0.641233767 0.762276319 0.861297344 0.861297344 0.919220931 
0.243238769 0.417938008 0.504581406 0.753635176 0.717674917 0.516495178 0.717674917 0.804318315 
1.286909304 0.752079574 1.205816282 1.205816282 1.286909304 
0.417120148 1.07242442 0.64493286 0.76045739 0.821744854 0.95689989 
0.300038235 0.312840111 0.332723198 0.529665243 0.804318315 0.603138576 0.753635176 0.804318315 
0.539312234 1.07242442 0.748106062 0.95689989 0.919709298 1.07242442 
0.510335091 0.50334791 0.477643438 0.502396541 0.641233767 0.861297344 
0.672775208 0.69720912 0.64493286 1.07242442 1.07242442 1.07242442 
0.38918203 0.912548868 0.945959685 0.858896071 0.912548868 
1.03635671 1.205816282 1.067186846 1.103651157 1.286909304 
0.277987164 0.67568549 0.919220931 0.740254793 0.919220931 0.919220931 0.641233767 
0.468367598 0.293619614 1.004846902 1.004846902 0.919709298 0.863630592 
0.480061176 1.067186846 1.009650432 1.009650432 1.286909304 
0.243238769 0.420811698 0.689781973 0.753635176 0.504581406 0.647722944 0.666991779 0.717674917 
0.251673955 0.380255083 0.788322255 0.820199905 0.861297344 0.820199905 0.613497194 
0.240030588 0.533593423 0.965021721 0.250272089 0.266178558 0.643454652 0.518178355 0.643454652 0.504825216 
0.748106062 0.615617749 0.84137536 0.672775208 1.004846902 0.889322372 
0.510335091 0.251673955 0.357531555 0.919220931 0.663255293 0.919220931 0.740254793 
0.986093824 1.148279868 1.009650432 1.286909304 1.286909304 
0.388650526 0.821744854 1.07242442 1.07242442 0.889322372 0.863630592 
0.251673955 0.380255083 0.788322255 0.820199905 0.861297344 0.820199905 0.613497194 
0.38918203 0.912548868 0.945959685 0.858896071 0.912548868 
0.251673955 0.502396541 0.72117888 0.72117888 0.820199905 0.919220931 0.861297344 
0.58331018 0.641233767 0.613497194 0.788322255 0.788322255 0.919220931 0.72117888 
0.717674917 0.220214711 0.415128901 0.417938008 0.529665243 0.753635176 0.689781973 0.61630864 
0.293619614 0.44363093 0.821744854 0.919709298 1.004846902 1.07242442 
0.669897935 0.547829902 0.63793326 0.63793326 0.560916906 0.714949613 0.560916906 0.592881581 0.63793326 
0.95689989 0.688660238 0.919709298 0.748106062 0.95689989 1.004846902 
0.717674917 0.603138576 0.220214711 0.457744725 0.603138576 0.603138576 0.689781973 0.753635176 
1.205816282 1.148279868 1.009650432 1.286909304 1.286909304 
0.680528544 0.84137536 0.821744854 0.95689989 0.95689989 1.07242442 
0.2986773 0.689301229 0.537199696 0.689301229 0.861297344 0.919220931 0.788322255 
0.388650526 0.72585083 0.73660725 1.004846902 0.95689989 0.95689989 
0.291487894 0.561079546 0.457744725 0.689781973 0.804318315 0.804318315 0.804318315 0.689781973 
0.291487894 0.510396408 0.717674917 0.804318315 0.753635176 0.666991779 0.647722944 0.804318315 
0.25910035 0.613139532 0.232304566 0.63793326 0.560916906 0.547829902 0.669897935 0.63793326 0.560916906 
0.415128901 0.470049734 0.647722944 0.804318315 0.753635176 0.717674917 0.689781973 0.804318315 
0.357531555 0.380255083 0.762276319 0.919220931 0.740254793 0.788322255 0.919220931 
0.220214711 0.647722944 0.753635176 0.689781973 0.647722944 0.717674917 0.717674917 0.717674917 
1.140686085 1.435349835 1.507270353 1.60863663 
0.401457941 0.631377643 0.480927655 0.251673955 0.597607817 0.861297344 0.861297344 
0.38918203 1.03635671 1.067186846 1.286909304 1.286909304 
0.417120148 0.76045739 0.706220324 0.788299738 1.07242442 0.919709298 
0.664206242 0.897727274 1.03635671 1.286909304 1.148279868 
1.205816282 0.847464388 1.205816282 1.148279868 1.286909304 
0.459106825 0.216212239 0.560916906 0.195746409 0.63793326 0.613139532 0.63793326 0.714949613 0.613139532 
1.03635671 0.986093824 1.286909304 1.03635671 1.286909304 
0.2986773 0.919220931 0.740254793 0.919220931 0.919220931 0.861297344 0.65182062 
0.408057852 0.317282504 0.31970689 0.42207155 0.227520081 0.471071232 0.448224466 0.54809831 0.54809831 0.390407305 0.584958774 
0.352343537 1.009650432 0.986093824 1.148279868 1.286909304 
1.148279868 0.826392285 1.103651157 0.897727274 1.286909304 
1.507270353 1.60863663 1.232617281 1.60863663 
0.664206242 2.411632564 1.286909304 1.286909304 
0.277987164 0.251673955 0.72117888 0.65182062 0.919220931 0.820199905 0.919220931 
0.466380631 0.912548868 1.148279868 1.03635671 1.205816282 
0.388650526 0.919709298 0.863630592 1.004846902 1.07242442 0.95689989 
0.388650526 0.821744854 1.004846902 0.84137536 1.004846902 0.889322372 
0.480061176 1.148279868 1.286909304 1.205816282 1.148279868 
0.58331018 0.357531555 0.820199905 0.704352732 0.919220931 0.820199905 0.919220931 
0.717674917 0.603138576 0.220214711 0.457744725 0.603138576 0.603138576 0.689781973 0.753635176 
0.703355157 0.92855741 1.286909304 1.067186846 1.148279868 
0.986093824 1.148279868 1.205816282 1.009650432 1.103651157 
1.727261183 1.913799779 1.839418596 
0.440429421 1.295445888 1.435349835 1.295445888 
1.07242442 1.07242442 1.07242442 0.919709298 1.07242442 0.95689989 
0.553505202 0.821744854 0.44363093 1.07242442 1.07242442 1.07242442 
0.631377643 0.34290084 0.740254793 0.762276319 0.58331018 0.597607817 0.861297344 
0.63103152 0.580348381 0.717674917 0.504581406 0.510396408 0.63103152 0.61630864 0.580348381 
0.261342637 0.666991779 0.753635176 0.753635176 0.580348381 0.529665243 0.478982104 0.591224803 
0.417120148 0.44363093 1.004846902 1.004846902 0.773797842 1.004846902 
3.217273259 3.217273259 
0.466380631 1.067186846 1.286909304 1.148279868 1.103651157 
0.863630592 0.417120148 0.919709298 0.889322372 1.07242442 1.004846902 
0.324318358 0.919709298 1.004846902 1.004846902 0.919709298 1.004846902 
1.60863663 1.60863663 1.60863663 1.020792815 
0.277987164 0.576664464 0.740254793 0.788322255 0.72117888 0.919220931 0.919220931 
0.480061176 0.668700813 0.945959685 1.205816282 1.205816282 
0.477164484 0.295753953 0.63793326 0.714949613 0.669897935 0.714949613 0.714949613 0.613139532 0.714949613 
1.107010403 2.14484884 2.14484884 
0.582975788 1.160696762 1.507270353 1.507270353 
0.666991779 0.804318315 0.717674917 0.804318315 0.689781973 0.689781973 0.61630864 0.666991779 
0.415128901 0.753635176 0.717674917 0.753635176 0.753635176 0.544388122 0.753635176 0.666991779 
0.4910715 0.613139532 0.669897935 0.547829902 0.483900553 0.669897935 0.63793326 0.459106825 0.669897935 
0.84137536 0.889322372 0.863630592 0.688660238 0.863630592 1.07242442 
0.539312234 0.84137536 0.919709298 0.863630592 0.919709298 0.95689989 
1.60863663 1.60863663 1.507270353 1.507270353 
1.004846902 0.95689989 0.706220324 0.84137536 1.07242442 1.07242442 
0.47443303 0.67568549 0.762276319 0.861297344 0.72117888 0.788322255 0.788322255 
0.610326299 0.293619614 0.804184768 1.004846902 1.07242442 1.07242442 
1.103651157 0.38918203 1.205816282 1.286909304 1.205816282 
0.278080098 0.459106825 0.295753953 0.63793326 0.63793326 0.547829902 0.714949613 0.613139532 0.613139532 
0.333129022 0.613497194 0.65182062 0.919220931 0.861297344 0.820199905 0.861297344 
0.277987164 0.788322255 0.72117888 0.740254793 0.919220931 0.861297344 0.820199905 
0.380134745 0.521945394 0.521945394 0.408057852 0.584958774 0.584958774 0.390407305 0.584958774 0.584958774 0.54809831 
1.262063039 1.295445888 1.60863663 1.60863663 
0.369003468 0.312245065 0.374054843 0.506971594 0.592881581 0.669897935 0.63793326 0.63793326 0.575753728 
0.2986773 0.788322255 0.502396541 0.861297344 0.919220931 0.570314212 0.564234267 
0.251673955 0.641233767 0.762276319 0.740254793 0.788322255 0.762276319 0.576664464 
0.261342637 0.417938008 0.436263442 0.439596973 0.647722944 0.717674917 0.804318315 0.804318315 
0.300038235 0.753635176 0.717674917 0.804318315 0.753635176 0.804318315 0.580348381 0.753635176 
0.216212239 0.387789727 0.4068842 0.714949613 0.714949613 0.714949613 0.714949613 0.669897935 0.714949613 
0.446543205 0.440429421 0.478982104 0.580348381 0.647722944 0.804318315 0.717674917 
0.266700653 0.232304566 0.42576187 0.295753953 0.547829902 0.560916906 0.390752865 0.536123178 0.669897935 
0.32358734 0.472979843 0.418325472 0.429448036 0.250272089 0.386959716 0.493046912 0.518178355 0.643454652 0.574139934 
0.233190315 0.413196143 0.413196143 0.36619578 0.574139934 0.574139934 0.551825579 0.518178355 0.602908141 0.643454652 
0.176171768 0.332103121 0.551825579 0.551825579 0.533593423 0.464278705 0.574139934 0.574139934 0.602908141 0.448863637 
0.468367598 0.553505202 0.417120148 0.95689989 0.84137536 1.07242442 
0.762276319 0.251673955 0.47443303 0.788322255 0.762276319 0.72117888 0.861297344 
1.286909304 1.286909304 1.286909304 1.286909304 1.286909304 
0.570343043 0.220214711 0.52290684 0.516495178 0.804318315 0.804318315 0.689781973 0.804318315 
0.195746409 0.470813549 0.575753728 0.613139532 0.592881581 0.669897935 0.714949613 0.714949613 0.714949613 
0.521945394 0.211991196 0.218209626 0.190067372 0.42207155 0.341854352 0.521945394 0.48508493 0.584958774 0.584958774 0.521945394 
0.261342637 0.570343043 0.717674917 0.439596973 0.499024935 0.647722944 0.591224803 0.552455437 
0.291487894 0.220214711 0.63103152 0.804318315 0.591224803 0.804318315 0.753635176 0.753635176 
0.240030588 0.176171768 0.435510498 0.36619578 0.551825579 0.643454652 0.533593423 0.574139934 0.602908141 0.643454652 
0.369003468 0.312245065 0.374054843 0.506971594 0.592881581 0.669897935 0.63793326 0.63793326 0.575753728 
0.243238769 0.717674917 0.312840111 0.504581406 0.717674917 0.647722944 0.689781973 0.689781973 
0.369003468 0.266700653 0.390752865 0.515865228 0.592881581 0.714949613 0.714949613 0.592881581 0.714949613 
0.194591015 0.369370649 0.250272089 0.551825579 0.403665125 0.533593423 0.574139934 0.643454652 0.518178355 0.574139934 
0.417938008 0.483699645 0.717674917 0.689781973 0.753635176 0.689781973 0.63103152 0.689781973 
0.401457941 0.527672356 0.357531555 0.919220931 0.740254793 0.919220931 0.919220931 
0.176900923 0.380134745 0.303954915 0.227520081 0.42207155 0.31970689 0.521945394 0.471071232 0.521945394 0.501659617 
0.266700653 0.195746409 0.42576187 0.453685696 0.63793326 0.575753728 0.714949613 0.669897935 0.669897935 
0.622157854 0.357531555 0.552799594 0.58331018 0.740254793 0.919220931 0.740254793 
0.237216515 0.138993582 0.125836977 0.25119827 0.190127541 0.295140102 0.352176366 0.394161128 0.459610466 0.459610466 0.381138159 0.381138159 0.459610466 0.344650615 
0.301911928 0.176900923 0.160156153 0.317282504 0.429981675 0.366968295 0.471071232 0.501659617 0.584958774 0.501659617 0.471071232 
0.672775208 0.688660238 0.706220324 1.07242442 1.07242442 0.821744854 
0.25910035 0.4910715 0.278080098 0.515865228 0.592881581 0.63793326 0.714949613 0.714949613 0.714949613 
0.261342637 0.561079546 0.52290684 0.483699645 0.529665243 0.689781973 0.61630864 0.61630864 
0.300038235 0.243238769 0.753635176 0.753635176 0.689781973 0.647722944 0.804318315 0.804318315 
0.539312234 0.919709298 1.07242442 1.07242442 1.07242442 1.07242442 
0.251673955 0.47443303 0.820199905 0.740254793 0.919220931 0.861297344 0.919220931 
0.299370792 0.160826238 0.135516745 0.494965117 0.379266856 0.494965117 0.398598735 0.463775493 0.441646103 0.424481214 0.494965117 0.410456479 
0.251673955 0.498586791 0.641233767 0.663255293 0.641233767 0.762276319 0.820199905 
1.547595683 2.14484884 2.14484884 
0.523136828 0.762276319 0.613497194 0.740254793 0.919220931 0.919220931 0.704352732 
0.610326299 0.821744854 1.004846902 1.004846902 0.76045739 0.919709298 
0.293619614 0.95689989 0.748106062 1.07242442 1.07242442 1.07242442 
0.291487894 0.420811698 0.417938008 0.510396408 0.753635176 0.603138576 0.753635176 0.717674917 
0.388650526 0.95689989 0.919709298 0.821744854 1.07242442 1.07242442 
0.34290084 0.2986773 0.861297344 0.861297344 0.919220931 0.861297344 0.919220931 
0.251673955 0.788322255 0.919220931 0.689301229 0.820199905 0.919220931 0.67568549 
0.58331018 0.641233767 0.72117888 0.861297344 0.919220931 0.919220931 0.788322255 
0.40005098 0.788299738 0.748106062 1.07242442 0.889322372 1.004846902 
0.680528544 0.788299738 0.84137536 1.004846902 1.004846902 0.773797842 
0.243238769 0.561079546 0.804318315 0.804318315 0.689781973 0.804318315 0.804318315 0.804318315 
0.261342637 0.312840111 0.804318315 0.804318315 0.804318315 0.717674917 0.804318315 0.61630864 
0.277987164 0.72117888 0.919220931 0.919220931 0.704352732 0.788322255 0.919220931 
0.40005098 0.64493286 1.07242442 1.07242442 0.95689989 1.07242442 
1.379563947 1.232617281 1.435349835 1.295445888 
0.348456849 0.610326299 0.919709298 0.95689989 1.07242442 0.788299738 
1.009650432 1.205816282 1.205816282 1.286909304 1.03635671 
0.807330249 0.897727274 1.205816282 1.148279868 1.205816282 
0.348456849 0.788299738 0.863630592 1.07242442 1.07242442 0.84137536 
0.352343537 1.205816282 1.067186846 1.148279868 1.286909304 
0.324318358 0.84137536 1.004846902 0.919709298 1.07242442 0.919709298 
1.913799779 1.913799779 1.496212123 
0.820199905 0.861297344 0.919220931 0.820199905 0.861297344 0.740254793 0.919220931 
0.40005098 0.348456849 0.748106062 1.004846902 0.919709298 1.07242442 
0.293619614 0.889322372 0.863630592 0.748106062 0.95689989 0.84137536 
1.379563947 1.60863663 1.60863663 1.232617281 
0.807330249 0.352343537 0.826392285 1.286909304 1.067186846 
1.067186846 1.009650432 1.286909304 1.067186846 1.205816282 
0.277987164 0.689301229 0.762276319 0.919220931 0.762276319 0.919220931 0.820199905 
0.2986773 0.820199905 0.502396541 0.740254793 0.861297344 0.58331018 0.820199905 
0.351275698 0.516495178 0.243238769 0.544388122 0.804318315 0.753635176 0.61630864 0.753635176 
1.333983558 1.379563947 1.435349835 1.507270353 
0.539312234 0.59539094 0.672775208 0.95689989 0.863630592 1.07242442 
0.333129022 0.576664464 0.820199905 0.762276319 0.919220931 0.67568549 0.740254793 
0.67568549 0.704352732 0.67568549 0.67568549 0.72117888 0.919220931 0.740254793 
0.324318358 0.773797842 0.95689989 0.748106062 1.004846902 1.004846902 
0.576664464 0.641233767 0.861297344 0.820199905 0.861297344 0.861297344 0.919220931 
0.293619614 0.69720912 0.788299738 0.821744854 1.07242442 0.84137536 
0.715746726 0.84137536 0.95689989 0.919709298 1.07242442 1.004846902 
0.261342637 0.436263442 0.483699645 0.457744725 0.689781973 0.753635176 0.804318315 0.804318315 
0.300038235 0.261342637 0.580348381 0.666991779 0.753635176 0.580348381 0.753635176 0.753635176 
0.324318358 1.004846902 1.004846902 0.863630592 0.95689989 1.07242442 
0.748106062 0.95689989 1.004846902 1.07242442 1.07242442 1.07242442 
0.715746726 0.889322372 1.07242442 1.004846902 1.07242442 0.95689989 
0.261342637 0.420811698 0.544388122 0.717674917 0.804318315 0.63103152 0.753635176 0.753635176 
0.673298717 0.858896071 1.205816282 0.912548868 1.148279868 
0.333129022 0.576664464 0.689301229 0.704352732 0.762276319 0.919220931 0.861297344 
0.348456849 0.773797842 0.95689989 1.07242442 0.95689989 1.07242442 
0.666991779 0.261342637 0.63103152 0.666991779 0.753635176 0.804318315 0.603138576 0.689781973 
0.266700653 0.63793326 0.387789727 0.470813549 0.575753728 0.63793326 0.453685696 0.575753728 0.669897935 
0.351275698 0.516495178 0.243238769 0.544388122 0.753635176 0.61630864 0.753635176 0.804318315 
0.61630864 0.689781973 0.804318315 0.804318315 0.804318315 0.804318315 0.689781973 0.804318315 
0.403665125 0.250272089 0.413196143 0.472979843 0.551825579 0.533593423 0.574139934 0.518178355 0.464278705 0.482510861 
0.861297344 0.590280204 0.380255083 0.919220931 0.861297344 0.72117888 0.919220931 
0.889322372 0.293619614 0.919709298 0.95689989 1.004846902 1.07242442 
0.2986773 0.251673955 0.861297344 0.788322255 0.919220931 0.919220931 0.919220931 
1.913799779 2.14484884 1.727261183 
0.388650526 1.004846902 1.07242442 1.07242442 1.07242442 1.07242442 
0.92855741 0.965021721 1.286909304 1.148279868 0.986093824 
0.539312234 0.95689989 1.004846902 0.680528544 1.07242442 1.07242442 
1.60863663 1.60863663 1.60863663 1.379563947 
0.715746726 0.863630592 0.863630592 1.07242442 1.004846902 0.84137536 
0.352343537 1.148279868 1.286909304 1.286909304 1.205816282 
1.435349835 1.60863663 1.206277152 1.295445888 
0.466380631 0.986093824 1.286909304 1.03635671 0.897727274 
0.2986773 0.622157854 0.65182062 0.820199905 0.919220931 0.820199905 0.919220931 
0.714469128 0.897727274 1.205816282 1.205816282 1.103651157 
0.59539094 0.293619614 0.557250678 0.95689989 0.863630592 0.84137536 
1.148279868 1.03635671 1.103651157 1.286909304 0.798439897 
0.893086409 1.262063039 1.379563947 1.60863663 
0.858896071 1.148279868 1.286909304 1.286909304 1.286909304 
1.333983558 1.379563947 1.333983558 1.262063039 
0.502396541 0.663255293 0.820199905 0.65182062 0.58331018 0.740254793 0.58331018 
0.897727274 1.009650432 0.986093824 0.965021721 1.103651157 
0.415128901 0.243238769 0.753635176 0.666991779 0.561079546 0.647722944 0.552455437 0.804318315 
0.436263442 0.561079546 0.561079546 0.580348381 0.504581406 0.717674917 0.689781973 0.689781973 
0.664206242 0.807330249 1.205816282 1.286909304 1.286909304 
0.561082264 0.84137536 0.889322372 0.84137536 1.07242442 1.07242442 
0.300038235 0.415128901 0.536810044 0.591224803 0.666991779 0.647722944 0.689781973 0.689781973 
0.352343537 1.205816282 1.205816282 1.148279868 1.148279868 
0.84137536 0.889322372 0.919709298 0.95689989 0.95689989 0.95689989 
0.294170309 0.766419705 0.218209626 0.176900923 0.429981675 0.471071232 0.471071232 0.521945394 0.54809831 
0.547829902 0.374054843 0.391492819 0.63793326 0.560916906 0.575753728 0.714949613 0.63793326 
0.466380631 1.148279868 1.103651157 1.205816282 1.286909304 
0.547829902 0.216212239 0.195746409 0.536123178 0.63793326 0.592881581 0.560916906 0.63793326 0.515865228 
0.40005098 0.919709298 0.788299738 0.748106062 0.95689989 0.95689989 
0.324318358 0.348456849 1.004846902 0.95689989 1.004846902 1.07242442 
0.291487894 0.351275698 0.332723198 0.804318315 0.804318315 0.804318315 0.753635176 0.717674917 
1.507270353 1.60863663 1.295445888 1.60863663 
0.738741299 0.847464388 1.286909304 1.03635671 0.871020995 
0.965021721 0.92855741 1.205816282 1.286909304 1.286909304 
0.477643438 0.58331018 0.788322255 0.67568549 0.919220931 0.861297344 0.919220931 
0.912548868 0.352343537 0.897727274 1.148279868 1.205816282 
0.2986773 0.613497194 0.689301229 0.72117888 0.65182062 0.740254793 0.788322255 
0.418148219 1.148279868 1.286909304 1.286909304 1.286909304 
0.72585083 0.748106062 0.919709298 0.863630592 1.07242442 1.07242442 
0.615617749 0.73660725 0.821744854 1.004846902 0.889322372 0.863630592 
0.748106062 1.07242442 0.95689989 1.004846902 1.07242442 1.07242442 
0.401457941 0.613497194 0.622157854 0.65182062 0.919220931 0.919220931 0.919220931 
0.388650526 0.586129298 0.804184768 0.84137536 0.95689989 1.004846902 
0.293619614 0.84137536 0.889322372 0.821744854 0.95689989 0.73660725 
0.47443303 0.788322255 0.788322255 0.704352732 0.740254793 0.762276319 0.861297344 
0.67568549 0.72117888 0.67568549 0.663255293 0.820199905 0.762276319 0.919220931 
0.333129022 0.251673955 0.762276319 0.740254793 0.919220931 0.861297344 0.820199905 
0.243238769 0.561079546 0.666991779 0.312840111 0.689781973 0.647722944 0.753635176 0.689781973 
0.218209626 0.408057852 0.54809831 0.483961015 0.390407305 0.448224466 0.438646237 0.521945394 0.471071232 0.54809831 
3.014540705 3.217273259 
0.233190315 0.194591015 0.533593423 0.574139934 0.408317126 0.643454652 0.518178355 0.551825579 0.574139934 0.574139934 
0.176171768 0.429448036 0.418325472 0.266178558 0.493046912 0.602908141 0.643454652 0.504825216 0.643454652 0.602908141 
1.103651157 1.03635671 0.965021721 1.286909304 1.205816282 
0.986093824 0.38918203 0.871020995 1.286909304 1.286909304 
0.816634252 1.148279868 1.148279868 1.286909304 1.286909304 
0.369003468 0.266700653 0.591507907 0.560916906 0.547829902 0.714949613 0.714949613 0.714949613 
0.861297344 0.641233767 0.788322255 0.72117888 0.762276319 0.740254793 0.861297344 
0.480061176 1.03635671 1.03635671 1.148279868 1.067186846 
0.462267629 0.480927655 0.641233767 0.820199905 0.919220931 0.919220931 0.740254793 
1.148279868 1.103651157 1.286909304 1.286909304 1.205816282 
0.666991779 0.470049734 0.61630864 0.591224803 0.666991779 0.717674917 0.804318315 0.753635176 
0.466380631 0.816634252 1.03635671 1.286909304 1.286909304 
0.293619614 0.748106062 0.863630592 0.863630592 0.95689989 1.004846902 
0.192516991 0.330344643 0.441646103 0.410456479 0.398598735 0.463775493 0.424481214 0.357137465 0.494965117 0.424481214 0.463775493 0.463775493 0.494965117 
0.291487894 0.552455437 0.522685274 0.717674917 0.804318315 0.804318315 0.804318315 
0.333129022 0.251673955 0.788322255 0.788322255 0.820199905 0.820199905 0.861297344 
0.220214711 0.717674917 0.312840111 0.591224803 0.63103152 0.591224803 0.63103152 0.753635176 
0.324318358 0.889322372 1.07242442 1.004846902 1.07242442 1.004846902 
0.510335091 0.641233767 0.689301229 0.740254793 0.689301229 0.861297344 0.788322255 
0.277987164 0.740254793 0.861297344 0.919220931 0.919220931 0.788322255 0.762276319 
0.468367598 0.889322372 0.72585083 0.821744854 0.889322372 0.919709298 
0.562041117 0.532357116 0.847464388 0.965021721 0.986093824 
0.61630864 0.243238769 0.504581406 0.332723198 0.647722944 0.63103152 0.689781973 0.753635176 
0.348456849 0.688660238 0.788299738 1.07242442 1.07242442 1.004846902 
0.194591015 0.334350407 0.448863637 0.413196143 0.429448036 0.472979843 0.533593423 0.574139934 0.602908141 0.602908141 
0.804184768 0.680528544 0.919709298 0.788299738 1.07242442 0.95689989 
0.532357116 1.03635671 1.205816282 1.103651157 1.148279868 
0.221402081 0.187347039 0.129727343 0.166848059 0.532357116 0.336550144 0.321673907 0.382759956 0.345452237 0.428969768 0.428969768 0.401938761 0.428969768 
1.140686085 1.507270353 1.379563947 1.507270353 
0.415128901 0.243238769 0.420811698 0.552455437 0.647722944 0.804318315 0.717674917 0.753635176 
0.34290084 0.663255293 0.788322255 0.788322255 0.704352732 0.919220931 0.788322255 
0.715746726 0.821744854 0.95689989 0.95689989 1.004846902 1.004846902 
0.446543205 0.417938008 0.561079546 0.510396408 0.63103152 0.63103152 0.804318315 0.689781973 
0.462267629 0.277987164 0.605331706 0.820199905 0.704352732 0.861297344 0.72117888 
0.889322372 0.626732978 0.863630592 0.95689989 0.889322372 1.07242442 
1.067186846 0.352343537 1.03635671 1.205816282 1.067186846 
0.404484175 0.291487894 0.666991779 0.63103152 0.647722944 0.753635176 0.804318315 0.717674917 
0.576664464 0.537199696 0.704352732 0.788322255 0.788322255 0.919220931 0.919220931 
0.688660238 1.07242442 1.07242442 1.07242442 1.07242442 1.07242442 
0.277987164 0.689301229 0.590280204 0.762276319 0.590280204 0.72117888 0.861297344 
0.919709298 2.14484884 1.07242442 0.863630592 1.07242442 
1.913799779 2.009693804 2.14484884 
0.858896071 0.986093824 1.286909304 1.205816282 0.965021721 
1.205816282 0.732391559 0.986093824 1.03635671 1.067186846 
0.748106062 0.773797842 0.610326299 1.07242442 1.07242442 1.004846902 
0.689301229 0.498586791 0.663255293 0.919220931 0.919220931 0.919220931 0.919220931 
0.293619614 0.863630592 0.72585083 0.804184768 0.863630592 1.004846902 
0.47443303 0.357531555 0.67568549 0.861297344 0.919220931 0.919220931 0.788322255 
1.473214499 1.778644743 2.009693804 
0.547408119 0.58331018 0.590280204 0.740254793 0.762276319 0.762276319 0.919220931 
0.251673955 0.613497194 0.788322255 0.689301229 0.919220931 0.788322255 0.861297344 
0.457744725 0.689781973 0.689781973 0.666991779 0.689781973 1.262063039 0.753635176 
0.65182062 0.277987164 0.597607817 0.740254793 0.820199905 0.788322255 0.919220931 
0.486477537 0.220214711 0.753635176 0.570343043 0.804318315 0.804318315 0.804318315 
0.897727274 1.205816282 1.067186846 1.286909304 1.286909304 
0.466380631 1.205816282 1.103651157 1.286909304 1.286909304 
0.40005098 0.76045739 1.07242442 1.004846902 1.07242442 1.07242442 
0.897727274 0.965021721 0.965021721 1.067186846 1.286909304 
0.387789727 0.390752865 0.42576187 0.46480608 0.459106825 0.417821985 0.592881581 0.613139532 0.560916906 
0.38918203 1.103651157 0.8839287 1.103651157 1.286909304 
0.20907411 0.176171768 0.429448036 0.464278705 0.386959716 0.602908141 0.551825579 0.456274434 0.643454652 0.643454652 
0.539312234 0.658273311 0.788299738 0.73660725 0.889322372 1.07242442 
0.863630592 0.680528544 0.665366581 0.95689989 0.95689989 0.821744854 
0.312245065 0.195746409 0.46480608 0.278080098 0.669897935 0.63793326 0.63793326 0.63793326 0.669897935 
0.539312234 0.889322372 0.919709298 1.07242442 1.004846902 1.07242442 
0.88726186 1.451701659 2.009693804 
0.40005098 0.348456849 0.715746726 0.788299738 0.919709298 0.889322372 
0.388650526 0.76045739 0.95689989 0.95689989 1.07242442 1.07242442 
1.122159092 1.206277152 1.60863663 1.507270353 
0.466380631 0.562041117 1.148279868 1.286909304 1.286909304 
0.359541489 0.390752865 0.42576187 0.459106825 0.506971594 0.417821985 0.477164484 0.575753728 0.560916906 
0.40005098 0.788299738 0.73660725 1.004846902 0.919709298 0.889322372 
0.220214711 0.603138576 0.436263442 0.570343043 0.504581406 0.580348381 0.717674917 0.804318315 
0.615617749 0.84137536 0.84137536 0.863630592 0.919709298 1.07242442 
0.539312234 0.561082264 0.706220324 1.07242442 1.07242442 0.919709298 
0.64717468 0.912548868 1.205816282 1.205816282 1.286909304 
0.277987164 0.502396541 0.689301229 0.820199905 0.820199905 0.919220931 0.919220931 
0.516495178 0.580348381 0.504581406 0.457744725 0.689781973 0.666991779 0.510396408 0.804318315 
0.40005098 0.665366581 0.658273311 0.84137536 0.919709298 0.95689989 
0.562041117 0.92855741 1.148279868 1.205816282 1.286909304 
0.672775208 0.44363093 0.889322372 0.804184768 1.07242442 1.07242442 
0.527672356 0.72117888 0.704352732 0.788322255 0.919220931 0.861297344 0.919220931 
0.359541489 0.410411833 0.278080098 0.498737374 0.575753728 0.613139532 0.575753728 0.714949613 0.669897935 
0.40005098 0.324318358 0.557250678 0.72585083 0.748106062 1.07242442 
0.324318358 0.688660238 0.821744854 1.07242442 1.07242442 1.07242442 
0.25910035 0.448516805 0.312245065 0.216212239 0.536123178 0.295753953 0.592881581 0.714949613 0.714949613 
0.324318358 0.748106062 0.773797842 0.889322372 1.004846902 1.07242442 
1.507270353 1.206277152 1.295445888 1.60863663 
0.357531555 0.67568549 0.613497194 0.67568549 0.663255293 0.788322255 0.740254793 
0.40005098 0.788299738 0.293619614 0.889322372 1.07242442 1.07242442 
0.216212239 0.498737374 0.592881581 0.278080098 0.613139532 0.575753728 0.669897935 0.613139532 0.714949613 
0.348456849 0.748106062 0.804184768 0.586129298 1.004846902 1.004846902 
0.804184768 0.626732978 0.95689989 0.748106062 1.07242442 0.706220324 
0.664206242 1.103651157 1.148279868 1.205816282 1.205816282 
0.348456849 0.688660238 0.788299738 1.004846902 1.07242442 1.07242442 
0.418148219 0.673298717 0.92855741 1.286909304 1.286909304 
0.293619614 0.889322372 0.748106062 1.07242442 1.004846902 1.004846902 
0.732391559 0.8839287 1.03635671 1.03635671 1.286909304 
0.522685274 1.60863663 1.60863663 1.60863663 
0.251673955 0.477643438 0.498586791 0.919220931 0.919220931 0.740254793 0.919220931 
0.241980507 0.48508493 0.501659617 0.54809831 0.54809831 0.501659617 0.584958774 0.521945394 0.584958774 0.54809831 0.584958774 
0.748106062 0.688660238 0.95689989 0.773797842 0.95689989 1.004846902 
0.462267629 0.251673955 0.740254793 0.740254793 0.72117888 0.919220931 0.861297344 
0.714469128 0.738741299 0.8839287 1.03635671 1.286909304 
1.379563947 1.60863663 1.60863663 1.60863663 
0.38918203 0.8839287 1.103651157 0.986093824 1.286909304 
0.40005098 0.324318358 0.680528544 0.919709298 1.07242442 1.07242442 
0.388650526 0.40005098 0.889322372 0.680528544 1.07242442 0.95689989 
0.40005098 0.95689989 0.788299738 0.863630592 1.07242442 0.889322372 
0.610326299 1.07242442 0.788299738 1.004846902 1.07242442 1.004846902 
0.220214711 0.417938008 0.436263442 0.544388122 0.689781973 0.717674917 0.647722944 0.717674917 
1.067186846 1.067186846 0.945959685 1.067186846 1.103651157 
0.220214711 0.439596973 0.504581406 0.580348381 0.63103152 0.647722944 0.804318315 0.647722944 
0.446543205 0.61630864 0.666991779 0.536810044 0.647722944 0.61630864 0.804318315 0.804318315 
0.58331018 0.740254793 0.689301229 0.820199905 0.919220931 0.740254793 0.820199905 
0.500544177 1.148279868 0.965021721 1.067186846 1.103651157 
0.610326299 0.919709298 1.07242442 1.07242442 1.07242442 1.004846902 
0.243238769 0.220214711 0.61630864 0.63103152 0.689781973 0.804318315 0.717674917 0.753635176 
0.504581406 0.516495178 0.580348381 0.61630864 0.647722944 0.804318315 0.717674917 0.804318315 
0.8839287 0.352343537 1.03635671 1.286909304 1.286909304 
0.255473235 0.176900923 0.241980507 0.54809831 0.54809831 0.521945394 0.501659617 0.584958774 0.521945394 0.521945394 0.584958774 
0.38918203 1.03635671 1.148279868 1.286909304 1.009650432 
1.473214499 1.778644743 2.009693804 
0.266700653 0.216212239 0.46480608 0.46480608 0.592881581 0.613139532 0.477164484 0.63793326 0.669897935 
0.312840111 0.470049734 0.717674917 0.510396408 0.63103152 0.804318315 0.717674917 0.804318315 
0.821744854 0.95689989 1.07242442 1.07242442 1.004846902 1.07242442 
0.58168459 0.863630592 1.004846902 0.919709298 0.804184768 0.919709298 
0.858896071 1.009650432 0.912548868 1.03635671 1.067186846 
0.194591015 0.176171768 0.472979843 0.551825579 0.504825216 0.533593423 0.602908141 0.643454652 0.643454652 0.643454652 
0.348456849 0.615617749 0.919709298 0.821744854 1.07242442 0.919709298 
0.73660725 0.324318358 0.863630592 0.889322372 0.84137536 0.863630592 
0.455040161 0.448224466 0.429981675 0.521945394 0.521945394 0.501659617 0.501659617 0.584958774 0.584958774 0.584958774 
0.277987164 0.72117888 0.704352732 0.740254793 0.740254793 0.861297344 0.919220931 
0.47443303 0.641233767 0.740254793 0.820199905 0.762276319 0.919220931 0.919220931 
0.72585083 0.748106062 0.804184768 0.680528544 0.84137536 1.07242442 
0.348456849 0.863630592 0.95689989 1.07242442 1.07242442 0.95689989 
0.680528544 0.44363093 0.889322372 1.004846902 0.95689989 0.863630592 
0.324318358 0.557250678 0.665366581 1.004846902 1.004846902 0.863630592 
0.277987164 0.2986773 0.590280204 0.820199905 0.919220931 0.740254793 0.861297344 
0.352343537 0.532357116 0.871020995 1.03635671 1.148279868 
0.240030588 0.349010754 0.429448036 0.266178558 0.386959716 0.533593423 0.504825216 0.456274434 0.643454652 0.643454652 
0.333129022 0.740254793 0.58331018 0.919220931 0.919220931 0.861297344 0.919220931 
0.858896071 0.965021721 1.286909304 1.286909304 1.286909304 
0.95689989 0.821744854 0.863630592 0.889322372 0.95689989 0.919709298 
1.103651157 1.286909304 1.205816282 1.148279868 1.286909304 
0.72585083 0.610326299 0.84137536 0.863630592 1.07242442 1.07242442 
0.889322372 0.293619614 1.004846902 0.95689989 1.004846902 0.889322372 
0.232304566 0.278080098 0.295753953 0.498737374 0.592881581 0.63793326 0.63793326 0.714949613 0.714949613 
0.847464388 0.847464388 0.965021721 0.965021721 1.03635671 
0.277987164 0.251673955 0.919220931 0.919220931 0.919220931 0.919220931 0.919220931 
0.64717468 1.067186846 1.03635671 1.009650432 1.03635671 
0.664206242 0.912548868 1.148279868 1.286909304 1.286909304 
0.293619614 0.863630592 1.07242442 0.889322372 1.004846902 0.821744854 
0.816634252 0.532357116 1.205816282 1.148279868 1.03635671 
0.468367598 0.626732978 0.919709298 0.804184768 0.863630592 1.07242442 
0.597354599 0.788322255 0.72117888 0.605331706 0.919220931 0.820199905 
2.041585631 2.870699669 
0.351275698 0.522685274 0.417938008 0.52290684 0.580348381 0.689781973 0.804318315 
0.324318358 0.863630592 0.72585083 0.863630592 1.004846902 0.919709298 
0.20907411 0.250272089 0.413196143 0.574139934 0.482510861 0.602908141 0.518178355 0.448863637 0.551825579 0.602908141 
0.510335091 0.762276319 0.663255293 0.590280204 0.641233767 0.919220931 0.820199905 
0.176900923 0.160156153 0.31970689 0.471071232 0.438646237 0.501659617 0.501659617 0.501659617 0.521945394 0.54809831 0.584958774 
0.293619614 0.95689989 0.863630592 1.07242442 1.07242442 1.07242442 
0.615617749 0.76045739 0.748106062 1.07242442 0.95689989 0.889322372 
0.84137536 0.561082264 0.821744854 0.889322372 0.95689989 0.919709298 
1.122159092 1.435349835 1.333983558 1.507270353 
0.863630592 1.004846902 0.95689989 1.004846902 1.004846902 0.821744854 
1.140686085 1.507270353 1.435349835 1.333983558 
0.527672356 0.820199905 0.72117888 0.740254793 0.704352732 0.919220931 0.919220931 
1.507270353 1.295445888 1.059330485 1.60863663 
0.232304566 0.195746409 0.477164484 0.560916906 0.506971594 0.575753728 0.613139532 0.592881581 0.714949613 
0.858896071 0.945959685 1.286909304 1.286909304 1.286909304 
1.507270353 1.507270353 1.60863663 1.333983558 
0.897727274 1.103651157 1.03635671 1.148279868 1.286909304 
0.773797842 0.821744854 0.821744854 1.07242442 1.07242442 1.07242442 
0.353801845 0.332905254 0.348350621 0.362927226 0.42207155 0.54809831 0.54809831 0.54809831 0.584958774 0.471071232 
0.84137536 0.748106062 0.863630592 1.004846902 0.95689989 1.004846902 
0.194591015 0.176171768 0.448863637 0.602908141 0.574139934 0.44196435 0.472979843 0.602908141 0.602908141 0.643454652 
1.004846902 1.07242442 1.07242442 1.07242442 0.95689989 1.07242442 
0.251673955 0.477643438 0.502396541 0.537199696 0.641233767 0.762276319 0.820199905 
1.122159092 1.232617281 1.60863663 1.60863663 
0.732391559 0.816634252 1.286909304 1.205816282 1.286909304 
0.47443303 0.380255083 0.919220931 0.919220931 0.919220931 0.919220931 0.861297344 
0.762276319 0.2986773 0.740254793 0.762276319 0.919220931 0.919220931 0.919220931 
1.103651157 1.205816282 1.205816282 1.205816282 1.286909304 
0.762276319 0.605331706 0.641233767 0.861297344 0.861297344 0.919220931 0.919220931 
0.233190315 0.194591015 0.20907411 0.334350407 0.351677579 0.456274434 0.504825216 0.551825579 0.602908141 0.574139934 
0.277987164 0.251673955 0.762276319 0.788322255 0.641233767 0.788322255 0.820199905 
0.522685274 1.182449607 1.507270353 1.60863663 
0.388650526 0.586129298 0.804184768 0.84137536 0.95689989 1.004846902 
0.276752601 0.386898921 0.34860456 0.478449945 0.313366489 0.357873363 0.502423451 0.459854649 0.478449945 0.431815296 0.459854649 0.42068768 
0.417938008 0.529665243 0.753635176 0.689781973 0.666991779 0.804318315 0.804318315 0.804318315 
0.300038235 0.220214711 0.63103152 0.61630864 0.544388122 0.603138576 0.529665243 0.804318315 
0.261342637 0.510396408 0.510396408 0.666991779 0.647722944 0.804318315 0.804318315 0.804318315 
0.281020559 0.413196143 0.448863637 0.36619578 0.551825579 0.44196435 0.643454652 0.643454652 0.602908141 0.643454652 
1.059330485 1.60863663 1.60863663 1.60863663 
1.379563947 1.182449607 1.507270353 1.507270353 
0.261342637 0.312840111 0.332723198 0.647722944 0.561079546 0.804318315 0.804318315 0.804318315 
1.727261183 1.839418596 2.009693804 
0.539312234 0.95689989 0.821744854 0.889322372 1.004846902 1.004846902 
1.435349835 1.435349835 1.507270353 1.60863663 
0.174228425 0.672775208 0.313366489 0.340264272 0.42068768 0.431815296 0.431815296 0.502423451 0.53621221 0.502423451 0.53621221 
0.440429421 1.206277152 1.60863663 1.60863663 
0.348456849 0.919709298 1.07242442 1.07242442 1.07242442 0.889322372 
0.821744854 0.863630592 1.004846902 1.07242442 1.004846902 0.919709298 
0.957964208 1.435349835 1.507270353 1.435349835 
0.804184768 0.84137536 0.715746726 0.773797842 0.95689989 0.919709298 
0.766371367 1.148279868 0.986093824 1.286909304 1.286909304 
0.300038235 0.220214711 0.717674917 0.544388122 0.689781973 0.753635176 0.804318315 0.753635176 
1.160696762 1.333983558 1.507270353 1.379563947 
0.34290084 0.72117888 0.762276319 0.861297344 0.689301229 0.72117888 0.820199905 
0.149685396 0.284131269 0.345279721 0.192516991 0.441646103 0.339972577 0.379266856 0.379266856 0.463775493 0.424481214 0.463775493 0.494965117 0.494965117 
0.277987164 0.622157854 0.740254793 0.820199905 0.919220931 0.919220931 0.919220931 
0.863630592 0.72585083 0.706220324 0.84137536 0.919709298 1.004846902 
0.432424478 0.592881581 0.560916906 0.470813549 0.714949613 0.669897935 0.714949613 0.714949613 
0.889322372 1.07242442 1.07242442 1.004846902 1.07242442 1.07242442 
0.466380631 1.03635671 1.03635671 1.205816282 1.286909304 
0.34290084 0.251673955 0.704352732 0.919220931 0.919220931 0.919220931 0.788322255 
0.293619614 0.95689989 0.919709298 1.004846902 1.07242442 1.07242442 
0.333129022 0.641233767 0.704352732 0.788322255 0.762276319 0.788322255 0.788322255 
0.466380631 0.897727274 1.205816282 1.286909304 1.205816282 
0.462267629 0.67568549 0.613497194 0.861297344 0.861297344 0.919220931 0.919220931 
0.40005098 0.84137536 0.919709298 1.004846902 1.004846902 1.07242442 
0.498586791 0.740254793 0.704352732 0.919220931 0.919220931 0.919220931 0.919220931 
0.278080098 0.525533159 0.477164484 0.525533159 0.515865228 0.613139532 0.575753728 0.714949613 0.669897935 
0.84137536 0.919709298 0.804184768 0.889322372 0.95689989 1.07242442 
0.480927655 2.220764379 2.583892033 
0.466380631 0.532357116 0.826392285 1.148279868 1.03635671 
0.804184768 0.468367598 0.615617749 1.004846902 1.07242442 1.07242442 
0.664206242 0.752079574 0.965021721 1.286909304 1.148279868 
0.352343537 0.986093824 1.286909304 1.286909304 1.286909304 
0.352343537 1.148279868 1.103651157 1.286909304 1.286909304 
0.592881581 0.278080098 0.536123178 0.453685696 0.575753728 0.536123178 0.575753728 0.669897935 0.669897935 
0.59539094 0.40005098 0.919709298 0.748106062 0.95689989 1.07242442 
0.773797842 0.748106062 1.07242442 1.004846902 1.07242442 1.07242442 
0.647722944 0.647722944 0.61630864 0.804318315 0.717674917 0.753635176 0.717674917 0.753635176 
0.965021721 1.205816282 1.103651157 1.286909304 1.286909304 
0.332103121 0.240030588 0.194591015 0.20907411 0.376039787 0.574139934 0.44196435 0.518178355 0.602908141 0.643454652 
0.233190315 0.332103121 0.532357116 0.551825579 0.464278705 0.551825579 0.504825216 0.602908141 0.602908141 
0.277987164 0.72117888 0.689301229 0.919220931 0.919220931 0.861297344 0.919220931 
0.332103121 0.480061176 0.194591015 0.574139934 0.643454652 0.574139934 0.602908141 0.643454652 0.643454652 
0.333129022 0.641233767 0.820199905 0.740254793 0.72117888 0.72117888 0.788322255 
0.673298717 0.986093824 1.03635671 1.286909304 1.286909304 
0.480061176 1.148279868 1.03635671 1.103651157 1.286909304 
0.470049734 0.666991779 0.499024935 0.493704984 0.552455437 0.753635176 0.804318315 0.804318315 
0.352343537 0.912548868 1.205816282 1.286909304 1.148279868 
0.522685274 1.032990356 1.60863663 1.60863663 
0.281020559 0.176171768 0.394963987 0.574139934 0.602908141 0.493046912 0.643454652 0.643454652 0.602908141 0.643454652 
0.20907411 0.176171768 0.349010754 0.518178355 0.504825216 0.551825579 0.551825579 0.574139934 0.574139934 0.602908141 
0.220214711 0.580348381 0.504581406 0.580348381 0.591224803 0.717674917 0.804318315 0.804318315 
0.965021721 1.103651157 1.03635671 1.103651157 1.286909304 
0.466380631 0.798439897 0.789927974 1.103651157 1.205816282 
0.457744725 0.436263442 0.439596973 0.312840111 0.529665243 0.470049734 0.591224803 0.804318315 
0.251673955 0.357531555 0.762276319 0.740254793 0.762276319 0.919220931 0.919220931 
0.348456849 0.889322372 0.919709298 1.07242442 1.07242442 1.07242442 
0.626732978 1.004846902 1.07242442 1.004846902 1.07242442 0.95689989 
0.251673955 0.663255293 0.704352732 0.788322255 0.820199905 0.919220931 0.919220931 
1.009650432 0.965021721 1.148279868 1.148279868 1.286909304 
0.261342637 0.220214711 0.417938008 0.332723198 0.561079546 0.666991779 0.753635176 0.753635176 
0.369003468 0.613139532 0.387789727 0.575753728 0.470813549 0.613139532 0.453685696 0.525533159 0.536123178 
0.615617749 1.004846902 0.748106062 0.889322372 0.95689989 1.004846902 
0.38918203 0.897727274 1.03635671 1.103651157 1.286909304 
0.504581406 0.647722944 0.63103152 0.61630864 0.591224803 0.510396408 0.753635176 0.804318315 
1.103651157 1.286909304 1.286909304 1.286909304 1.286909304 
0.861297344 0.357531555 0.820199905 0.861297344 0.740254793 0.861297344 0.861297344 
0.626732978 1.004846902 0.863630592 0.706220324 0.889322372 1.07242442 
0.603138576 0.243238769 0.220214711 0.717674917 0.753635176 0.753635176 0.689781973 0.717674917 
0.25910035 0.195746409 0.4910715 0.4910715 0.714949613 0.714949613 0.63793326 0.714949613 0.714949613 
0.266700653 0.232304566 0.371500452 0.498737374 0.390752865 0.613139532 0.613139532 0.714949613 0.714949613 
0.613139532 0.312245065 0.266700653 0.216212239 0.506971594 0.592881581 0.560916906 0.63793326 0.714949613 
0.25910035 0.432424478 0.371500452 0.560916906 0.547829902 0.560916906 0.63793326 0.714949613 
0.38918203 1.103651157 1.148279868 1.103651157 1.205816282 
0.40005098 0.76045739 1.07242442 0.95689989 0.919709298 1.004846902 
0.480061176 1.148279868 1.148279868 1.205816282 1.286909304 
0.233190315 0.332103121 0.20907411 0.464278705 0.518178355 0.472979843 0.456274434 0.602908141 0.643454652 0.504825216 
0.25910035 0.390752865 0.560916906 0.525533159 0.547829902 0.669897935 0.714949613 0.714949613 0.714949613 
0.348456849 0.715746726 1.07242442 1.07242442 1.07242442 1.07242442 
0.277987164 0.58331018 0.523136828 0.605331706 0.820199905 0.919220931 0.919220931 
1.333983558 1.507270353 1.507270353 1.60863663 
0.863630592 1.07242442 1.07242442 1.07242442 1.07242442 0.95689989 
0.277987164 0.502396541 0.547408119 0.537199696 0.613497194 0.788322255 0.72117888 
0.243238769 0.436263442 0.63103152 0.63103152 0.717674917 0.61630864 0.647722944 0.666991779 
0.615617749 0.73660725 0.821744854 1.004846902 0.889322372 0.863630592 
0.714469128 0.897727274 1.009650432 1.103651157 1.286909304 
0.64717468 0.897727274 1.148279868 1.205816282 1.148279868 
0.415128901 0.702551396 0.561079546 0.561079546 0.689781973 0.804318315 0.753635176 
0.468367598 0.773797842 0.95689989 1.07242442 1.07242442 1.07242442 
0.218209626 0.190067372 0.48508493 0.227520081 0.241980507 0.471071232 0.41479494 0.501659617 0.501659617 0.521945394 0.584958774 
0.276752601 0.208560074 0.44363093 0.459854649 0.478449945 0.478449945 0.386898921 0.431815296 0.368303625 0.444661186 0.53621221 
0.216212239 0.232304566 0.536123178 0.560916906 0.613139532 0.669897935 0.714949613 0.714949613 0.669897935 
0.291487894 0.516495178 0.61630864 0.753635176 0.717674917 0.717674917 0.753635176 0.717674917 
0.348456849 0.626732978 0.586129298 0.804184768 0.889322372 1.07242442 
1.103651157 0.858896071 1.103651157 1.067186846 1.286909304 
0.211991196 0.380134745 0.390407305 0.42207155 0.227520081 0.241980507 0.41479494 0.521945394 0.54809831 0.521945394 
0.665446395 1.295445888 1.379563947 1.435349835 
0.404484175 0.689781973 0.647722944 0.529665243 0.510396408 0.591224803 0.63103152 0.804318315 
0.459106825 0.232304566 0.459106825 0.613139532 0.613139532 0.592881581 0.714949613 0.714949613 0.714949613 
0.816634252 0.897727274 1.067186846 1.205816282 1.286909304 
0.418148219 1.03635671 0.703355157 1.103651157 1.286909304 
0.965021721 1.148279868 0.798439897 0.789927974 1.205816282 
0.44363093 0.95689989 0.863630592 0.95689989 1.07242442 1.07242442 
0.251673955 0.762276319 0.740254793 0.72117888 0.861297344 0.820199905 0.788322255 
0.418148219 1.205816282 1.286909304 1.286909304 1.286909304 
0.522685274 1.262063039 1.435349835 1.60863663 
0.466380631 0.912548868 0.986093824 0.965021721 1.009650432 
0.613497194 0.704352732 0.820199905 0.820199905 0.861297344 0.861297344 0.762276319 
1.839418596 2.14484884 2.14484884 
0.160156153 0.301911928 0.42207155 0.501659617 0.471071232 0.54809831 0.471071232 0.54809831 0.584958774 0.501659617 0.521945394 
0.388650526 0.72585083 1.07242442 1.07242442 1.004846902 1.07242442 
0.301911928 0.366968295 0.301911928 0.408057852 0.48508493 0.448224466 0.471071232 0.584958774 0.584958774 0.584958774 0.584958774 
0.261342637 0.220214711 0.478982104 0.439596973 0.504581406 0.717674917 0.499024935 0.717674917 
0.388650526 0.804184768 0.773797842 1.07242442 1.004846902 1.07242442 
0.34290084 0.689301229 0.762276319 0.590280204 0.564234267 0.762276319 0.762276319 
0.702551396 0.300038235 0.312840111 0.666991779 0.804318315 0.804318315 0.753635176 
0.2986773 0.613497194 0.689301229 0.72117888 0.65182062 0.740254793 0.788322255 
0.300038235 0.504581406 0.665446395 0.717674917 0.689781973 0.63103152 0.753635176 
1.262063039 1.232617281 1.379563947 1.60863663 
0.480061176 1.03635671 1.067186846 1.103651157 1.03635671 
0.798439897 0.789927974 0.945959685 0.8839287 0.965021721 
0.480061176 0.8839287 1.067186846 1.067186846 1.205816282 
1.206277152 1.379563947 1.333983558 1.60863663 
0.482510861 0.281020559 0.332103121 0.418325472 0.250272089 0.266178558 0.551825579 0.518178355 0.643454652 0.643454652 
0.753635176 0.717674917 0.666991779 0.666991779 0.689781973 0.753635176 0.647722944 0.804318315 
0.58331018 0.58331018 0.641233767 0.622157854 0.820199905 0.919220931 0.820199905 
0.965021721 1.205816282 1.103651157 1.286909304 1.286909304 
0.369003468 0.266700653 0.195746409 0.547829902 0.459106825 0.63793326 0.669897935 0.714949613 0.714949613 
1.103651157 0.945959685 1.067186846 1.205816282 1.205816282 
1.103651157 1.205816282 1.286909304 1.148279868 1.286909304 
0.562041117 0.20907411 0.332103121 0.493046912 0.551825579 0.574139934 0.643454652 0.643454652 0.643454652 
0.324318358 0.69720912 0.863630592 0.821744854 1.07242442 1.07242442 
0.359541489 0.369003468 0.278080098 0.459106825 0.669897935 0.575753728 0.63793326 0.714949613 0.613139532 
0.38918203 0.574139934 0.504825216 0.399219948 0.394963987 0.472979843 0.504825216 0.518178355 0.574139934 
0.889322372 0.680528544 0.821744854 0.863630592 0.919709298 1.07242442 
0.352343537 1.009650432 1.205816282 1.286909304 1.286909304 
0.333129022 0.34290084 0.663255293 0.72117888 0.762276319 0.58331018 0.820199905 
0.510335091 0.788322255 0.631377643 0.34290084 0.740254793 0.820199905 0.861297344 
0.211991196 0.306044871 0.160156153 0.31970689 0.42207155 0.448224466 0.41479494 0.408057852 0.458932014 0.54809831 0.54809831 
0.333129022 0.34290084 0.357531555 0.72117888 0.820199905 0.820199905 0.788322255 
1.067186846 0.897727274 0.965021721 1.286909304 1.286909304 
0.211991196 0.353801845 0.31970689 0.408057852 0.408057852 0.501659617 0.54809831 0.521945394 0.584958774 0.48508493 
1.067186846 1.103651157 1.286909304 1.286909304 1.286909304 
0.388650526 0.293619614 0.706220324 1.004846902 1.07242442 1.07242442 
0.61630864 0.552455437 0.647722944 0.804318315 0.804318315 0.804318315 0.804318315 0.804318315 
0.240030588 0.349010754 0.413196143 0.504825216 0.574139934 0.435510498 0.423732194 0.574139934 0.602908141 0.602908141 
0.277987164 0.523136828 0.570314212 0.564234267 0.762276319 0.919220931 0.762276319 
1.103651157 0.986093824 1.103651157 1.148279868 1.286909304 
0.333129022 0.740254793 0.689301229 0.72117888 0.919220931 0.740254793 0.919220931 
1.067186846 0.352343537 1.03635671 0.897727274 1.286909304 
0.403665125 0.194591015 0.429448036 0.493046912 0.36619578 0.533593423 0.482510861 0.551825579 0.643454652 0.643454652 
0.638642806 0.84137536 0.748106062 0.889322372 1.07242442 1.07242442 
0.610326299 0.715746726 0.863630592 1.004846902 0.84137536 1.004846902 
0.333129022 0.740254793 0.820199905 0.663255293 0.919220931 0.919220931 0.919220931 
0.34290084 0.2986773 0.641233767 0.689301229 0.502396541 0.861297344 0.919220931 
0.324318358 0.863630592 0.72585083 0.863630592 1.004846902 0.919709298 
0.945959685 0.807330249 1.067186846 0.92855741 1.067186846 
0.293619614 0.863630592 0.672775208 0.773797842 0.84137536 0.863630592 
0.2986773 0.251673955 0.641233767 0.689301229 0.740254793 0.502396541 0.788322255 
1.507270353 1.60863663 1.60863663 1.60863663 
0.211991196 0.190067372 0.160156153 0.227520081 0.31970689 0.501659617 0.501659617 0.584958774 0.54809831 0.584958774 0.521945394 
0.352343537 1.148279868 1.205816282 1.148279868 1.148279868 
0.664206242 1.103651157 1.148279868 1.205816282 1.205816282 
0.553505202 0.821744854 1.004846902 0.706220324 0.889322372 1.07242442 
0.232304566 0.369003468 0.410411833 0.498737374 0.525533159 0.390752865 0.448516805 0.669897935 0.44357772 
0.388650526 0.680528544 0.821744854 0.84137536 0.95689989 0.889322372 
0.277987164 0.502396541 0.547408119 0.537199696 0.613497194 0.788322255 0.72117888 
0.688660238 0.688660238 0.680528544 0.919709298 0.95689989 1.004846902 
0.324318358 0.44363093 0.863630592 0.788299738 1.004846902 1.004846902 
1.03635671 1.205816282 1.286909304 1.286909304 1.286909304 
0.915489449 0.689781973 0.689781973 0.753635176 0.804318315 0.804318315 0.804318315 
0.195746409 0.369003468 0.46480608 0.295753953 0.592881581 0.575753728 0.63793326 0.714949613 0.714949613 
0.277987164 0.502396541 0.547408119 0.537199696 0.762276319 0.788322255 0.72117888 
0.897727274 0.986093824 1.148279868 1.286909304 1.148279868 
0.25910035 0.4910715 0.483900553 0.470813549 1.095659805 0.560916906 0.547829902 0.669897935 
0.401457941 0.251673955 0.861297344 0.861297344 0.919220931 0.919220931 0.919220931 
1.435349835 1.333983558 1.60863663 1.60863663 
0.293619614 0.557250678 0.919709298 1.07242442 1.004846902 1.07242442 
1.009650432 0.912548868 1.03635671 1.067186846 1.03635671 
0.266700653 0.216212239 0.195746409 0.371500452 0.498737374 0.575753728 0.515865228 0.575753728 0.714949613 
1.205816282 0.945959685 1.205816282 1.205816282 1.286909304 
0.457744725 0.261342637 0.461713312 0.417938008 0.439596973 0.647722944 0.689781973 0.689781973 
0.665446395 1.379563947 1.333983558 1.435349835 
0.293619614 0.863630592 0.72585083 0.804184768 0.919709298 1.004846902 
0.293619614 0.863630592 0.72585083 0.804184768 0.863630592 1.004846902 
0.331627646 0.268599848 0.344650615 0.36058944 0.430648672 0.370127396 0.381138159 0.381138159 0.459610466 0.459610466 0.430648672 0.459610466 0.430648672 0.430648672 
0.415128901 0.647722944 0.63103152 0.544388122 0.603138576 0.647722944 0.689781973 0.717674917 
0.348456849 0.95689989 0.84137536 1.07242442 1.07242442 1.004846902 
0.2986773 0.251673955 0.704352732 0.861297344 0.919220931 0.919220931 0.919220931 
0.714469128 0.352343537 1.03635671 0.816634252 1.205816282 
0.714469128 0.897727274 0.965021721 1.103651157 0.92855741 
0.615617749 0.72585083 0.706220324 0.919709298 1.004846902 1.07242442 
0.348456849 0.95689989 0.919709298 0.919709298 1.07242442 1.07242442 
1.205816282 1.205816282 0.986093824 1.067186846 1.067186846 
2.667967115 1.60863663 1.60863663 
1.206277152 1.435349835 1.333983558 1.60863663 
0.276752601 0.468367598 0.20002549 0.174228425 0.208560074 0.221815465 0.444661186 0.380228695 0.502423451 0.478449945 0.53621221 
1.727261183 2.009693804 2.009693804 
0.324318358 0.773797842 0.95689989 1.07242442 1.07242442 1.07242442 
0.234183799 0.162159179 0.146809807 0.290842295 0.410872427 0.380228695 0.374053031 0.459854649 0.431815296 0.431815296 0.444661186 0.53621221 
0.965021721 0.847464388 1.03635671 1.009650432 1.286909304 
0.92855741 1.148279868 0.816634252 0.965021721 1.286909304 
0.586129298 0.665366581 0.658273311 0.788299738 0.889322372 1.004846902 
1.232617281 1.507270353 1.60863663 1.60863663 
0.301911928 0.255473235 0.190067372 0.160156153 0.48508493 0.501659617 0.501659617 0.584958774 0.54809831 0.584958774 0.584958774 
0.291487894 0.415128901 0.332723198 0.753635176 0.753635176 0.647722944 0.804318315 0.804318315 
1.122159092 1.435349835 1.333983558 1.507270353 
1.262063039 1.333983558 1.435349835 1.507270353 
1.205816282 0.92855741 1.148279868 1.03635671 1.286909304 
0.233190315 0.281020559 0.194591015 0.435510498 0.266178558 0.493046912 0.408317126 0.518178355 0.574139934 0.643454652 
0.352343537 1.103651157 1.286909304 1.286909304 1.286909304 
0.570343043 0.561079546 0.689781973 0.753635176 0.753635176 0.753635176 0.804318315 0.804318315 
0.38918203 1.03635671 1.205816282 1.03635671 1.286909304 
0.64717468 0.897727274 1.148279868 1.205816282 1.148279868 
0.816634252 1.205816282 1.148279868 1.286909304 1.286909304 
0.533593423 0.36619578 0.533593423 0.602908141 0.551825579 0.643454652 0.643454652 0.643454652 0.643454652 0.643454652 
0.847464388 1.103651157 1.205816282 1.286909304 1.286909304 
0.500544177 1.03635671 1.03635671 0.945959685 1.103651157 
0.220214711 0.580348381 0.510396408 0.516495178 0.647722944 0.647722944 0.717674917 0.753635176 
0.277987164 0.570314212 0.564234267 0.740254793 0.820199905 0.762276319 0.919220931 
0.211991196 0.380134745 0.390407305 0.42207155 0.227520081 0.241980507 0.41479494 0.521945394 0.54809831 0.521945394 
1.148279868 0.965021721 1.205816282 1.205816282 1.286909304 
0.666991779 0.753635176 0.804318315 0.804318315 0.804318315 0.717674917 0.804318315 0.804318315 
0.195746409 0.410411833 0.536123178 0.63793326 0.592881581 0.714949613 0.714949613 0.669897935 0.714949613 
0.847464388 1.148279868 1.286909304 1.286909304 1.286909304 
0.40005098 0.84137536 0.919709298 0.889322372 0.919709298 1.07242442 
0.58331018 0.689301229 0.740254793 0.861297344 0.861297344 0.820199905 0.820199905 
0.680528544 0.804184768 0.863630592 0.821744854 0.788299738 0.919709298 
0.351275698 0.243238769 0.261342637 0.717674917 0.483699645 0.591224803 0.689781973 0.753635176 
0.897727274 1.103651157 1.205816282 1.205816282 1.205816282 
0.34290084 0.820199905 0.67568549 0.740254793 0.861297344 0.740254793 0.704352732 
0.459106825 0.216212239 0.410411833 0.669897935 0.295753953 0.547829902 0.669897935 0.714949613 0.714949613 
0.466380631 1.148279868 1.009650432 1.067186846 1.205816282 
0.160156153 0.380295884 0.390407305 0.385211086 0.429981675 0.35178156 0.501659617 0.48508493 0.48508493 0.584958774 0.48508493 
0.348456849 0.773797842 0.626732978 0.586129298 1.004846902 1.07242442 
0.34290084 0.861297344 0.641233767 0.788322255 0.861297344 0.788322255 0.919220931 
0.532357116 1.103651157 1.067186846 1.148279868 1.286909304 
0.766371367 0.847464388 1.03635671 1.286909304 1.103651157 
0.300038235 0.243238769 0.552455437 0.570343043 0.689781973 0.61630864 0.753635176 0.804318315 
1.009650432 0.816634252 1.286909304 1.148279868 1.286909304 
1.507270353 1.032990356 1.60863663 1.60863663 
0.923426624 1.379563947 1.60863663 1.60863663 
0.404484175 0.753635176 0.470049734 0.647722944 0.717674917 0.666991779 0.689781973 0.647722944 
0.374054843 0.42576187 0.575753728 0.575753728 0.63793326 0.63793326 0.63793326 0.714949613 0.669897935 
0.251673955 0.537199696 0.65182062 0.613497194 0.689301229 0.788322255 0.919220931 
0.194591015 0.533593423 0.574139934 0.482510861 0.602908141 0.602908141 0.574139934 0.574139934 0.574139934 0.643454652 
0.610326299 0.95689989 0.821744854 1.07242442 1.07242442 1.07242442 
0.333129022 0.605331706 0.820199905 0.788322255 0.762276319 0.861297344 0.919220931 
1.295445888 1.333983558 1.507270353 1.507270353 
0.576664464 0.641233767 0.613497194 0.788322255 0.861297344 0.788322255 0.919220931 
1.435349835 1.507270353 1.507270353 1.232617281 
0.84137536 1.004846902 0.95689989 0.84137536 1.07242442 1.07242442 
0.912548868 0.858896071 0.858896071 0.965021721 1.205816282 
0.672775208 0.919709298 0.788299738 0.773797842 0.95689989 0.863630592 
1.004846902 0.889322372 0.821744854 1.07242442 1.07242442 1.004846902 
0.863630592 0.821744854 0.95689989 1.004846902 0.95689989 1.004846902 
0.162159179 0.146809807 0.278625339 0.208560074 0.353110162 0.353110162 0.459854649 0.431815296 0.478449945 0.53621221 0.53621221 0.53621221 
1.205816282 0.965021721 1.205816282 1.205816282 1.205816282 
0.293619614 0.788299738 0.788299738 0.889322372 0.863630592 0.95689989 
0.919709298 0.889322372 0.84137536 0.863630592 1.004846902 1.07242442 
0.561082264 0.788299738 0.665366581 0.821744854 1.07242442 1.07242442 
0.251673955 0.663255293 0.72117888 0.704352732 0.861297344 0.740254793 0.919220931 
0.243238769 0.483699645 0.63103152 0.570343043 0.647722944 0.603138576 0.647722944 0.689781973 
0.714469128 0.480061176 1.148279868 1.067186846 1.205816282 
0.417120148 0.688660238 0.863630592 0.773797842 0.95689989 0.919709298 
0.243238769 0.312840111 0.332723198 0.666991779 0.717674917 0.804318315 0.804318315 0.804318315 
0.740254793 0.480927655 0.861297344 0.762276319 0.740254793 0.704352732 0.919220931 
1.435349835 1.435349835 1.507270353 1.507270353 
0.539312234 0.553505202 1.004846902 0.95689989 0.889322372 1.07242442 
0.63103152 0.603138576 0.510396408 0.580348381 0.717674917 0.666991779 0.666991779 0.753635176 
0.255473235 0.160156153 0.366968295 0.48508493 0.471071232 0.584958774 0.584958774 0.584958774 0.584958774 0.584958774 0.584958774 
0.374054843 0.369003468 0.613139532 0.575753728 0.470813549 0.448516805 0.560916906 0.613139532 0.592881581 
0.374694078 0.129727343 0.442804161 0.166848059 0.309519137 0.382759956 0.345452237 0.401938761 0.428969768 0.428969768 0.428969768 0.428969768 0.428969768 
0.351275698 0.220214711 0.561079546 0.717674917 0.804318315 0.804318315 0.804318315 0.804318315 
0.2986773 0.251673955 0.477643438 0.547408119 0.502396541 0.740254793 0.861297344 
0.291487894 0.63103152 0.753635176 0.470049734 0.510396408 0.499024935 0.647722944 0.804318315 
0.349010754 0.351677579 0.376039787 0.376039787 0.602908141 0.551825579 0.518178355 0.408317126 0.399219948 0.574139934 
0.266700653 0.232304566 0.547829902 0.390752865 0.669897935 0.63793326 0.714949613 0.714949613 0.714949613 
0.59539094 0.40005098 0.680528544 0.95689989 1.07242442 1.07242442 
0.243238769 0.561079546 0.603138576 0.717674917 0.666991779 0.666991779 0.753635176 0.753635176 
0.243238769 0.312840111 0.647722944 0.689781973 0.804318315 0.717674917 0.753635176 0.804318315 
0.332103121 0.20907411 0.176171768 0.334350407 0.435510498 0.376039787 0.574139934 0.551825579 0.574139934 0.643454652 
0.553505202 0.40005098 0.863630592 0.665366581 0.658273311 1.004846902 
0.332103121 0.20907411 0.176171768 0.349010754 0.533593423 0.482510861 0.376039787 0.351677579 0.403665125 0.533593423 
0.332103121 0.281020559 0.334350407 0.435510498 0.518178355 0.504825216 0.399219948 0.518178355 0.574139934 0.643454652 
0.374054843 0.369003468 0.613139532 0.575753728 0.470813549 0.448516805 0.560916906 0.613139532 0.592881581 
0.38918203 0.369370649 0.435510498 0.376039787 0.403665125 0.533593423 0.574139934 0.551825579 0.643454652 
0.266700653 0.232304566 0.195746409 0.42576187 0.390752865 0.448516805 0.44357772 0.669897935 0.714949613 
0.21616966 0.339972577 0.135516745 0.385033982 0.204752737 0.330344643 0.424481214 0.379266856 0.424481214 0.388327089 0.494965117 0.494965117 
0.51094647 0.332905254 0.160156153 0.227520081 0.501659617 0.584958774 0.584958774 0.584958774 0.584958774 0.521945394 
0.184638914 0.281689061 0.135516745 0.321788825 0.204752737 0.410456479 0.424481214 0.441646103 0.410456479 0.989930234 0.494965117 0.494965117 
0.261342637 0.516495178 0.591224803 0.689781973 0.717674917 0.666991779 0.804318315 0.804318315 
0.351275698 0.552455437 0.243238769 0.415128901 0.804318315 0.804318315 0.804318315 0.804318315 
0.25910035 0.62449013 0.46480608 0.613139532 0.44357772 0.613139532 0.63793326 0.714949613 
0.255463939 0.21616966 0.160826238 0.357137465 0.314090097 0.321788825 0.192516991 0.363830648 0.3711622 0.463775493 0.494965117 0.494965117 0.494965117 
0.448863637 0.418325472 0.413196143 0.435510498 0.986093824 0.518178355 1.103651157 0.602908141 
0.52290684 0.439596973 0.312840111 0.717674917 0.753635176 0.666991779 0.804318315 0.753635176 
0.539312234 0.84137536 1.07242442 1.004846902 1.07242442 1.004846902 
0.281020559 0.176171768 0.250272089 0.798535674 0.518178355 0.551825579 0.602908141 0.643454652 
0.216212239 0.387789727 0.592881581 0.575753728 0.669897935 0.613139532 0.714949613 0.714949613 0.669897935 
0.610326299 1.004846902 1.004846902 1.004846902 1.07242442 1.004846902 
0.417120148 0.773797842 0.788299738 0.889322372 1.07242442 1.07242442 
0.762276319 0.58331018 0.570314212 0.631377643 0.67568549 0.820199905 0.861297344 
0.826392285 0.912548868 1.286909304 1.286909304 1.148279868 
0.195746409 0.390752865 0.506971594 0.613139532 0.575753728 0.575753728 0.547829902 0.63793326 0.669897935 
0.324318358 0.919709298 0.773797842 0.95689989 0.919709298 0.919709298 
0.380255083 0.590280204 0.58331018 0.820199905 0.919220931 0.919220931 0.919220931 
0.668700813 0.703355157 0.766371367 1.03635671 1.286909304 
0.251673955 0.502396541 0.357531555 0.704352732 0.72117888 0.762276319 0.740254793 
0.324758694 0.31970689 0.348350621 0.408057852 0.341854352 0.42207155 0.408057852 0.366968295 0.54809831 0.584958774 0.584958774 
0.34290084 0.277987164 0.537199696 0.67568549 0.704352732 0.919220931 0.919220931 
1.182449607 1.160696762 1.435349835 1.507270353 
0.25910035 0.453685696 0.525533159 0.63793326 0.575753728 0.63793326 0.669897935 0.714949613 0.714949613 
0.251673955 0.357531555 0.762276319 0.820199905 0.740254793 0.740254793 0.820199905 
0.243238769 0.420811698 0.753635176 0.804318315 0.804318315 0.753635176 0.647722944 0.753635176 
0.547829902 0.4068842 0.575753728 0.613139532 0.525533159 0.613139532 0.575753728 0.669897935 0.714949613 
0.641233767 0.641233767 0.704352732 0.788322255 0.788322255 0.740254793 0.919220931 
0.466380631 0.533593423 0.376039787 0.472979843 0.533593423 0.44196435 0.574139934 0.533593423 0.643454652 
0.291487894 0.312840111 0.666991779 0.689781973 0.689781973 0.591224803 0.689781973 0.753635176 
0.243238769 0.647722944 0.63103152 0.510396408 0.647722944 0.717674917 0.804318315 0.753635176 
0.243238769 0.666991779 0.647722944 0.61630864 0.591224803 0.717674917 0.717674917 0.753635176 
0.523136828 0.704352732 0.788322255 0.861297344 0.861297344 0.788322255 0.919220931 
0.324318358 0.84137536 0.84137536 0.84137536 0.919709298 1.07242442 
0.401457941 0.704352732 0.861297344 0.788322255 0.788322255 0.861297344 0.919220931 
0.291487894 0.220214711 0.436263442 0.544388122 0.63103152 0.647722944 0.717674917 0.804318315 
0.243238769 0.544388122 0.63103152 0.510396408 0.647722944 0.689781973 0.753635176 0.804318315 
0.40005098 0.72585083 0.889322372 0.680528544 0.788299738 1.004846902 
0.359541489 0.195746409 0.575753728 0.613139532 0.525533159 0.63793326 0.575753728 0.613139532 0.714949613 
0.462267629 0.605331706 0.788322255 0.788322255 0.740254793 0.788322255 0.919220931 
0.462267629 0.251673955 0.788322255 0.740254793 0.788322255 0.919220931 0.919220931 
0.515865228 0.459106825 0.592881581 0.515865228 0.575753728 0.63793326 0.592881581 0.714949613 0.714949613 
0.195746409 0.575753728 0.417821985 0.470813549 0.63793326 0.592881581 0.714949613 0.714949613 0.714949613 
0.945959685 1.148279868 1.286909304 1.286909304 1.286909304 
0.590280204 0.570314212 0.564234267 0.740254793 0.788322255 0.820199905 0.861297344 
0.195746409 0.63793326 0.44357772 0.438848874 0.575753728 0.560916906 0.575753728 0.714949613 0.714949613 
0.448516805 0.498737374 0.417821985 0.44357772 0.438848874 0.714949613 0.575753728 0.714949613 0.714949613 
0.821744854 1.004846902 0.95689989 0.95689989 1.07242442 1.07242442 
0.553505202 0.821744854 1.004846902 0.95689989 0.95689989 1.004846902 
0.510335091 0.251673955 0.502396541 0.641233767 0.641233767 0.820199905 0.820199905 
0.446543205 0.220214711 0.439596973 0.63103152 0.561079546 0.717674917 0.753635176 0.804318315 
0.357531555 0.861297344 0.58331018 0.689301229 0.740254793 0.919220931 0.919220931 
0.680528544 1.004846902 0.804184768 0.919709298 0.95689989 1.004846902 
0.348456849 0.610326299 1.004846902 1.07242442 1.07242442 1.07242442 
0.369003468 0.266700653 0.592881581 0.387789727 0.63793326 0.714949613 0.714949613 0.669897935 0.714949613 
0.2986773 0.704352732 0.762276319 0.861297344 0.861297344 0.919220931 0.919220931 
0.714469128 1.009650432 0.766371367 1.103651157 1.148279868 
0.216212239 0.4068842 0.410411833 0.560916906 0.547829902 0.669897935 0.714949613 0.714949613 0.669897935 
0.498586791 0.641233767 0.788322255 0.788322255 0.58331018 0.788322255 0.919220931 
0.357531555 0.641233767 0.788322255 0.820199905 0.820199905 0.919220931 0.861297344 
0.483699645 0.561079546 0.689781973 0.717674917 0.804318315 0.804318315 0.804318315 0.804318315 
0.40005098 0.821744854 0.821744854 0.95689989 0.863630592 0.95689989 
0.500544177 1.286909304 1.205816282 1.205816282 1.286909304 
0.480061176 0.986093824 1.103651157 1.148279868 1.205816282 
0.291487894 0.420811698 0.536810044 0.529665243 0.61630864 0.753635176 0.717674917 0.666991779 
0.25910035 0.312245065 0.477164484 0.547829902 0.592881581 0.592881581 0.575753728 0.714949613 0.63793326 
0.613497194 0.67568549 0.788322255 0.762276319 0.820199905 0.861297344 0.820199905 
0.740254793 0.762276319 0.788322255 0.820199905 0.788322255 0.820199905 0.820199905 
0.38918203 0.518178355 0.533593423 0.472979843 0.518178355 0.574139934 0.643454652 0.643454652 0.643454652 
1.148279868 1.067186846 1.103651157 1.148279868 1.286909304 
0.912548868 0.897727274 0.798439897 1.205816282 1.03635671 
0.562041117 0.732391559 1.067186846 0.897727274 1.009650432 
0.413196143 0.194591015 0.403665125 0.429448036 0.456274434 0.504825216 0.965021721 0.551825579 0.643454652 
0.72117888 0.58331018 0.631377643 0.762276319 0.788322255 0.861297344 0.788322255 
0.415128901 0.63103152 0.536810044 0.689781973 0.753635176 0.753635176 0.689781973 0.603138576 
0.486477537 0.63103152 0.591224803 0.510396408 0.804318315 0.753635176 0.753635176 
1.009650432 0.945959685 1.205816282 1.205816282 1.205816282 
0.67568549 0.613497194 0.689301229 0.919220931 0.919220931 0.919220931 0.919220931 
0.648636716 2.009693804 2.14484884 
0.291487894 0.470049734 0.61630864 0.529665243 0.717674917 0.63103152 0.804318315 0.804318315 
1.435349835 1.262063039 1.60863663 1.60863663 
0.562041117 0.352343537 0.532357116 1.009650432 1.148279868 
0.243238769 0.516495178 0.536810044 0.63103152 0.510396408 0.717674917 0.717674917 0.689781973 
0.613497194 0.65182062 0.704352732 0.740254793 0.762276319 0.861297344 0.919220931 
0.40005098 0.72585083 0.919709298 0.773797842 1.004846902 1.07242442 
0.251673955 0.537199696 0.663255293 0.704352732 0.67568549 0.820199905 0.861297344 
0.52290684 0.544388122 0.689781973 0.717674917 0.580348381 0.717674917 0.753635176 0.499024935 
0.415128901 0.436263442 0.561079546 0.689781973 0.804318315 0.753635176 0.717674917 0.753635176 
0.233190315 0.413196143 0.194591015 0.429448036 0.504825216 0.602908141 0.602908141 0.574139934 0.643454652 0.643454652 
0.641233767 0.72117888 0.704352732 0.72117888 0.919220931 0.919220931 0.919220931 
0.672775208 0.688660238 0.715746726 0.889322372 0.889322372 1.07242442 
0.34290084 0.613497194 0.663255293 0.788322255 0.704352732 0.919220931 0.919220931 
0.352343537 0.773919432 0.945959685 1.148279868 1.205816282 
0.388650526 0.95689989 0.821744854 1.07242442 1.07242442 1.07242442 
0.401457941 0.34290084 0.605331706 0.861297344 0.919220931 0.919220931 0.919220931 
0.897727274 0.847464388 1.286909304 1.286909304 1.286909304 
0.576664464 0.67568549 0.65182062 0.570314212 0.740254793 0.740254793 0.919220931 
0.348456849 0.821744854 0.773797842 0.95689989 1.07242442 0.95689989 
0.603138576 0.420811698 0.220214711 0.580348381 0.717674917 0.580348381 0.804318315 0.753635176 
0.689301229 0.523136828 0.762276319 0.788322255 0.820199905 0.820199905 0.919220931 
0.211991196 0.176900923 0.501659617 0.501659617 0.54809831 0.584958774 0.584958774 0.584958774 0.584958774 0.584958774 0.584958774 
0.375632857 0.176900923 0.306044871 0.317282504 0.448224466 0.35178156 0.521945394 0.48508493 0.54809831 0.521945394 0.584958774 
0.663255293 0.357531555 0.590280204 0.820199905 0.570314212 0.861297344 0.820199905 
0.291487894 0.510396408 0.61630864 0.603138576 0.647722944 0.753635176 0.804318315 0.753635176 
0.261342637 0.717674917 0.666991779 0.666991779 0.312840111 0.689781973 0.804318315 0.804318315 
0.220214711 0.417938008 0.544388122 0.529665243 0.580348381 0.499024935 0.63103152 0.63103152 
0.332103121 0.240030588 0.369370649 0.266178558 0.518178355 0.602908141 0.518178355 0.493046912 0.643454652 0.643454652 
0.277987164 0.820199905 0.788322255 0.788322255 0.631377643 0.861297344 0.740254793 
0.34290084 0.498586791 0.820199905 0.820199905 0.788322255 0.919220931 0.919220931 
0.826392285 0.897727274 1.103651157 1.286909304 1.205816282 
0.466380631 0.986093824 1.205816282 1.067186846 1.148279868 
0.597607817 0.72117888 0.740254793 0.762276319 0.788322255 0.919220931 0.820199905 
0.665446395 1.073620089 1.262063039 1.60863663 
0.4068842 0.477164484 0.536123178 0.592881581 0.536123178 0.63793326 0.714949613 0.714949613 0.714949613 
0.965021721 1.205816282 1.286909304 1.286909304 1.205816282 
0.807330249 1.103651157 1.03635671 1.205816282 1.03635671 
0.216212239 0.4068842 0.669897935 0.592881581 0.536123178 0.592881581 0.714949613 0.669897935 0.669897935 
0.293619614 0.95689989 0.919709298 1.07242442 1.004846902 1.07242442 
0.277987164 0.251673955 0.380255083 0.861297344 0.861297344 0.919220931 0.919220931 
0.261342637 0.544388122 0.457744725 0.753635176 0.753635176 0.804318315 0.753635176 0.804318315 
0.251673955 1.722594689 0.788322255 0.861297344 0.861297344 0.788322255 
0.986093824 1.205816282 1.286909304 1.286909304 1.286909304 
0.440429421 1.379563947 1.60863663 1.60863663 
1.232617281 1.60863663 1.60863663 1.60863663 
0.294170309 0.160156153 0.241980507 0.458932014 0.501659617 0.471071232 0.438646237 0.584958774 0.584958774 0.584958774 0.584958774 
0.40005098 0.715746726 0.665366581 1.004846902 0.95689989 1.004846902 
0.95689989 0.706220324 0.919709298 1.07242442 1.07242442 1.07242442 
0.277987164 0.820199905 0.704352732 0.704352732 0.919220931 0.919220931 0.919220931 
0.672775208 0.40005098 0.84137536 0.95689989 1.004846902 0.863630592 
0.348456849 0.73660725 0.44363093 0.821744854 0.804184768 1.07242442 
0.348456849 0.95689989 0.773797842 1.004846902 0.863630592 1.07242442 
0.466380631 1.03635671 1.103651157 1.148279868 1.148279868 
0.468367598 0.889322372 0.95689989 1.004846902 1.07242442 1.07242442 
0.669897935 0.295753953 0.592881581 0.498737374 0.547829902 0.560916906 0.669897935 0.714949613 0.63793326 
0.351275698 0.529665243 0.561079546 0.666991779 0.753635176 0.63103152 0.804318315 0.804318315 
0.324318358 1.004846902 1.004846902 0.863630592 0.889322372 0.95689989 
0.2986773 0.704352732 0.740254793 0.820199905 0.861297344 0.919220931 0.919220931 
0.220214711 0.516495178 0.666991779 0.666991779 0.689781973 0.717674917 0.717674917 0.804318315 
0.466380631 1.067186846 1.205816282 1.286909304 1.286909304 
0.539312234 0.821744854 1.004846902 0.863630592 0.919709298 1.07242442 
0.821744854 0.748106062 0.95689989 0.863630592 1.004846902 1.004846902 
0.510335091 0.2986773 0.641233767 0.740254793 0.502396541 0.820199905 0.919220931 
0.348456849 0.688660238 0.95689989 0.889322372 0.84137536 1.07242442 
1.032990356 1.333983558 1.435349835 1.435349835 
0.348456849 0.95689989 0.95689989 1.004846902 0.863630592 1.07242442 
0.590280204 0.641233767 0.613497194 0.820199905 0.788322255 0.820199905 0.740254793 
0.348456849 0.561082264 0.72585083 0.586129298 0.76045739 1.07242442 
0.44363093 0.889322372 0.821744854 0.788299738 1.004846902 1.07242442 
0.417120148 0.788299738 0.863630592 1.004846902 1.07242442 1.07242442 
0.702551396 0.647722944 0.312840111 0.717674917 0.666991779 0.804318315 0.717674917 
0.561079546 0.830257802 0.510396408 0.717674917 0.689781973 0.804318315 0.804318315 
0.417120148 0.44363093 0.706220324 1.004846902 0.919709298 1.07242442 
0.348456849 0.688660238 0.804184768 0.919709298 1.07242442 1.07242442 
0.417120148 1.004846902 0.95689989 0.919709298 1.004846902 1.07242442 
0.95689989 0.919709298 0.863630592 0.95689989 0.95689989 1.07242442 
0.446543205 0.243238769 0.220214711 0.561079546 0.647722944 0.804318315 0.804318315 0.717674917 
0.553505202 0.804184768 1.004846902 1.07242442 0.95689989 1.07242442 
0.64717468 1.103651157 1.148279868 1.286909304 1.286909304 
0.195746409 0.371500452 0.390752865 0.278080098 0.417821985 0.536123178 0.575753728 0.63793326 0.714949613 
1.778644743 2.14484884 2.14484884 
0.462267629 0.2986773 0.788322255 0.67568549 0.861297344 0.919220931 0.919220931 
0.34290084 0.547408119 0.631377643 0.58331018 0.704352732 0.919220931 0.919220931 
1.009650432 1.148279868 1.286909304 1.205816282 1.286909304 
0.919709298 0.863630592 0.889322372 0.919709298 0.95689989 1.07242442 
0.324318358 0.348456849 0.586129298 0.672775208 0.95689989 1.004846902 
1.379563947 1.379563947 1.60863663 1.507270353 
0.480061176 0.532357116 1.009650432 1.286909304 1.286909304 
1.073620089 1.232617281 1.435349835 1.60863663 
0.582975788 0.841623396 1.507270353 1.60863663 
0.34290084 0.477643438 0.788322255 0.788322255 0.820199905 0.740254793 0.919220931 
0.40005098 0.324318358 0.863630592 1.004846902 0.863630592 1.07242442 
0.470049734 0.499024935 0.493704984 0.591224803 0.552455437 0.689781973 0.804318315 0.753635176 
0.312840111 0.63103152 0.689781973 0.753635176 0.717674917 0.804318315 0.753635176 0.804318315 
0.523136828 0.704352732 0.740254793 0.788322255 0.919220931 0.919220931 0.919220931 
0.38918203 0.897727274 1.103651157 0.789927974 0.8839287 
0.64717468 0.92855741 1.148279868 1.205816282 1.286909304 
0.388650526 0.615617749 0.919709298 1.07242442 1.07242442 1.07242442 
0.333129022 0.401457941 0.820199905 0.820199905 0.820199905 0.919220931 0.861297344 
0.762276319 0.740254793 0.861297344 0.820199905 0.820199905 0.820199905 0.919220931 
0.348456849 0.863630592 0.863630592 0.863630592 0.889322372 1.07242442 
0.291487894 0.580348381 0.457744725 0.753635176 0.717674917 0.753635176 0.804318315 0.804318315 
1.009650432 1.103651157 1.205816282 1.205816282 1.286909304 
0.333129022 0.401457941 0.65182062 0.788322255 0.570314212 0.919220931 0.820199905 
0.333129022 0.2986773 0.502396541 0.576664464 0.689301229 0.820199905 0.919220931 
0.539312234 0.748106062 0.889322372 0.863630592 0.919709298 1.07242442 
0.897727274 0.847464388 0.773919432 0.897727274 1.148279868 
1.727261183 1.913799779 2.14484884 
1.435349835 1.60863663 1.507270353 1.435349835 
1.03635671 1.067186846 1.148279868 1.103651157 1.286909304 
0.486477537 0.561079546 0.666991779 0.753635176 0.647722944 0.804318315 0.804318315 
0.404484175 0.415128901 0.717674917 0.647722944 0.689781973 0.753635176 0.717674917 0.753635176 
0.610326299 0.95689989 0.821744854 0.95689989 1.004846902 1.004846902 
0.440429421 1.262063039 1.435349835 1.379563947 
0.522685274 1.507270353 1.60863663 1.60863663 
0.357531555 0.590280204 0.820199905 0.622157854 0.861297344 0.919220931 0.820199905 
0.858896071 0.816634252 1.103651157 1.205816282 1.286909304 
0.293619614 0.72585083 1.004846902 1.004846902 1.07242442 1.07242442 
0.665446395 1.232617281 1.262063039 1.435349835 
1.379563947 1.435349835 1.379563947 1.60863663 
0.689301229 0.861297344 0.861297344 0.67568549 0.762276319 0.740254793 0.919220931 
0.84137536 0.706220324 0.821744854 0.863630592 0.84137536 1.004846902 
0.625680222 1.295445888 1.507270353 1.60863663 
0.300038235 0.689781973 0.666991779 0.61630864 0.753635176 0.753635176 0.804318315 0.804318315 
0.2986773 0.523136828 0.67568549 0.72117888 0.861297344 0.861297344 0.919220931 
0.562041117 0.945959685 0.871020995 1.286909304 1.286909304 
0.466380631 0.897727274 0.897727274 1.205816282 1.286909304 
1.088776244 1.140686085 1.295445888 1.295445888 
0.261342637 0.591224803 0.220214711 0.439596973 0.510396408 0.804318315 0.804318315 0.804318315 
0.523136828 0.47443303 0.477643438 0.537199696 0.762276319 0.740254793 0.919220931 
0.417120148 0.88726186 0.788299738 1.004846902 1.07242442 
1.103651157 0.798439897 1.286909304 1.286909304 1.286909304 
0.631377643 0.2986773 0.251673955 0.820199905 0.762276319 0.861297344 0.919220931 
0.440429421 1.032990356 1.333983558 1.295445888 
0.324318358 0.919709298 0.95689989 1.07242442 1.07242442 1.07242442 
1.778644743 1.253465956 2.14484884 
0.663255293 0.72117888 0.861297344 0.919220931 0.919220931 0.861297344 0.919220931 
1.088776244 1.140686085 1.295445888 1.295445888 
1.078624467 1.682750719 1.913799779 
1.295445888 1.262063039 1.295445888 1.507270353 
0.291487894 0.570343043 0.561079546 0.63103152 0.61630864 0.580348381 0.689781973 0.561079546 
0.2986773 0.689301229 0.740254793 0.570314212 0.663255293 0.820199905 0.919220931 
1.727261183 1.839418596 1.913799779 
0.462267629 0.861297344 0.861297344 0.704352732 0.740254793 0.820199905 0.861297344 
0.826392285 0.858896071 0.798439897 0.789927974 1.286909304 
0.348456849 0.293619614 0.72585083 0.889322372 1.07242442 1.07242442 
0.788322255 0.597354599 0.631377643 0.740254793 0.740254793 0.919220931 
0.462267629 0.590280204 0.740254793 0.65182062 0.820199905 0.762276319 0.919220931 
0.401457941 0.498586791 0.622157854 0.72117888 0.762276319 0.820199905 0.641233767 
0.52290684 0.52290684 0.516495178 0.647722944 0.647722944 0.717674917 0.753635176 0.753635176 
0.919709298 0.95689989 0.889322372 0.804184768 1.07242442 1.07242442 
0.732391559 0.897727274 0.858896071 0.965021721 1.205816282 
0.388650526 0.863630592 1.07242442 1.07242442 1.07242442 1.07242442 
0.547829902 0.374054843 0.4068842 0.575753728 0.560916906 0.63793326 0.613139532 0.669897935 0.714949613 
0.396927293 0.216212239 0.459106825 0.536123178 0.453685696 0.613139532 0.669897935 0.613139532 0.63793326 
1.103651157 0.945959685 1.286909304 1.286909304 1.286909304 
0.590280204 0.2986773 0.590280204 0.631377643 0.762276319 0.704352732 0.919220931 
0.615617749 0.773797842 0.706220324 0.680528544 0.84137536 0.919709298 
1.435349835 1.295445888 1.60863663 1.60863663 
0.510335091 0.34290084 0.251673955 0.537199696 0.740254793 0.58331018 0.820199905 
0.897727274 1.205816282 1.148279868 1.205816282 1.286909304 
0.404484175 0.457744725 0.522685274 0.439596973 0.666991779 0.647722944 0.804318315 
0.291487894 0.300038235 0.561079546 0.689781973 0.504581406 0.717674917 0.804318315 0.804318315 
0.300038235 0.580348381 0.312840111 0.332723198 0.666991779 0.470049734 0.753635176 0.753635176 
0.34290084 0.663255293 0.740254793 0.788322255 0.919220931 0.919220931 0.919220931 
1.03635671 1.03635671 1.148279868 1.286909304 1.286909304 
0.95689989 0.748106062 0.715746726 0.889322372 0.919709298 1.07242442 
0.470049734 0.666991779 0.717674917 0.61630864 0.499024935 0.689781973 0.753635176 0.717674917 
0.522685274 1.379563947 1.379563947 1.435349835 
0.804184768 0.84137536 0.773797842 1.004846902 1.07242442 1.07242442 
0.40005098 0.773797842 0.95689989 1.07242442 1.004846902 1.07242442 
1.507270353 1.435349835 1.507270353 1.60863663 
0.820199905 0.704352732 0.663255293 0.820199905 0.919220931 0.919220931 0.919220931 
0.46480608 0.470813549 0.525533159 0.278080098 0.42995524 0.506971594 0.515865228 0.592881581 0.669897935 
0.324318358 0.610326299 0.919709298 1.004846902 1.07242442 1.07242442 
0.401457941 0.277987164 0.740254793 0.663255293 0.820199905 0.641233767 0.919220931 
0.417120148 0.688660238 0.919709298 0.72585083 0.95689989 1.004846902 
0.561082264 0.863630592 0.889322372 1.004846902 1.07242442 1.07242442 
0.553505202 0.417120148 0.44363093 0.889322372 0.84137536 1.07242442 
1.03635671 1.009650432 1.103651157 1.148279868 1.286909304 
0.333129022 0.65182062 0.590280204 0.605331706 0.523136828 0.663255293 0.641233767 
0.2986773 0.788322255 0.788322255 0.740254793 0.788322255 0.820199905 0.919220931 
0.696913699 0.95689989 0.863630592 1.004846902 1.07242442 
1.020792815 1.295445888 1.333983558 1.60863663 
0.738741299 0.912548868 0.92855741 0.92855741 1.148279868 
1.435349835 1.379563947 1.435349835 1.379563947 
0.261342637 0.516495178 0.536810044 0.689781973 0.689781973 0.753635176 0.804318315 0.753635176 
1.412440647 1.727261183 1.839418596 
0.251673955 0.663255293 0.590280204 0.740254793 0.861297344 0.919220931 0.861297344 
0.300038235 0.529665243 0.591224803 0.332723198 0.580348381 0.561079546 0.717674917 0.717674917 
0.605331706 0.788322255 0.820199905 0.613497194 0.861297344 0.919220931 0.919220931 
0.232304566 0.278080098 0.669897935 0.613139532 0.525533159 0.547829902 0.669897935 0.714949613 0.714949613 
0.562041117 0.871020995 0.847464388 1.103651157 1.205816282 
0.40005098 0.557250678 0.919709298 0.863630592 1.004846902 1.07242442 
0.64717468 1.067186846 1.148279868 1.286909304 1.286909304 
0.388650526 0.76045739 0.95689989 0.84137536 1.07242442 1.004846902 
0.590280204 0.689301229 0.861297344 0.919220931 0.919220931 0.919220931 0.919220931 
1.160696762 1.232617281 1.379563947 1.435349835 
0.243238769 0.332723198 0.516495178 0.580348381 0.753635176 0.804318315 0.804318315 0.804318315 
0.47443303 0.251673955 0.788322255 0.788322255 0.861297344 0.919220931 0.919220931 
0.404484175 0.243238769 0.261342637 0.536810044 0.332723198 0.63103152 0.63103152 0.717674917 
1.03635671 1.103651157 1.205816282 1.103651157 1.148279868 
0.673298717 0.945959685 0.836650944 1.067186846 1.286909304 
0.752079574 0.897727274 1.148279868 1.205816282 1.286909304 
0.562041117 0.500544177 1.205816282 1.205816282 1.205816282 
0.466380631 0.92855741 1.03635671 1.148279868 1.286909304 
0.912548868 0.352343537 1.067186846 0.816634252 1.286909304 
0.821744854 0.715746726 0.889322372 0.804184768 0.821744854 1.07242442 
1.103651157 1.205816282 1.286909304 1.286909304 1.286909304 
0.418148219 0.986093824 1.286909304 1.286909304 1.286909304 
0.404484175 0.529665243 0.561079546 0.666991779 0.647722944 0.689781973 0.689781973 0.804318315 
0.251673955 0.65182062 0.861297344 0.740254793 0.820199905 0.919220931 0.919220931 
0.312245065 0.560916906 0.575753728 0.592881581 0.669897935 0.560916906 0.669897935 0.669897935 0.714949613 
1.009650432 1.03635671 1.286909304 1.286909304 1.205816282 
1.507270353 1.160696762 1.435349835 1.507270353 
0.666991779 0.486477537 0.647722944 0.689781973 0.689781973 0.753635176 0.804318315 
0.748106062 0.889322372 0.919709298 1.07242442 1.07242442 1.07242442 
0.251673955 0.740254793 0.762276319 0.740254793 0.762276319 0.820199905 0.919220931 
0.748106062 0.919709298 0.919709298 1.004846902 1.004846902 1.004846902 
0.38918203 1.148279868 1.03635671 1.067186846 0.92855741 
0.333129022 0.277987164 0.788322255 0.820199905 0.861297344 0.919220931 0.919220931 
0.665366581 0.658273311 0.73660725 1.004846902 0.863630592 1.004846902 
0.986093824 1.148279868 1.148279868 1.009650432 1.148279868 
1.379563947 1.507270353 1.60863663 1.507270353 
0.2986773 0.67568549 0.740254793 0.740254793 0.740254793 0.762276319 0.861297344 
0.352343537 1.148279868 1.286909304 1.286909304 1.286909304 
0.388650526 0.919709298 0.919709298 0.919709298 1.004846902 1.004846902 
0.293619614 0.715746726 0.72585083 0.76045739 1.07242442 1.07242442 
0.698021508 1.205816282 1.067186846 1.148279868 1.286909304 
1.03635671 1.067186846 0.945959685 1.03635671 1.067186846 
1.379563947 1.232617281 1.379563947 1.507270353 
0.802915882 0.251673955 0.820199905 0.861297344 0.919220931 0.919220931 
0.324318358 0.561082264 0.788299738 0.73660725 0.788299738 0.95689989 
0.277987164 0.590280204 0.788322255 0.861297344 0.820199905 0.861297344 0.919220931 
0.889322372 0.821744854 0.919709298 0.863630592 1.07242442 1.07242442 
1.182449607 1.435349835 1.435349835 1.60863663 
1.059330485 1.333983558 1.507270353 1.60863663 
0.291487894 0.415128901 0.570343043 0.52290684 0.529665243 0.483699645 0.580348381 0.561079546 
0.847464388 1.103651157 1.148279868 1.205816282 1.286909304 
0.293619614 0.586129298 0.889322372 1.004846902 1.07242442 1.07242442 
1.379563947 1.333983558 1.333983558 1.379563947 
0.2986773 0.590280204 0.552799594 0.704352732 0.740254793 0.919220931 0.919220931 
0.663255293 0.537199696 0.740254793 0.613497194 0.622157854 0.740254793 0.788322255 
0.622157854 0.861297344 0.704352732 0.861297344 0.919220931 0.919220931 0.919220931 
0.324318358 0.919709298 1.004846902 1.004846902 1.004846902 1.07242442 
0.2986773 0.861297344 0.502396541 0.663255293 0.762276319 0.919220931 0.919220931 
0.243238769 0.420811698 0.436263442 0.580348381 0.717674917 0.666991779 0.666991779 0.804318315 
0.510335091 0.72117888 0.251673955 0.72117888 0.820199905 0.58331018 0.820199905 
0.752079574 0.965021721 1.205816282 1.286909304 1.286909304 
0.388650526 0.804184768 0.821744854 0.889322372 0.919709298 0.863630592 
0.38918203 1.009650432 1.205816282 1.286909304 1.286909304 
0.374053031 0.431815296 0.394149869 0.478449945 0.444661186 0.444661186 0.431815296 0.502423451 0.53621221 0.53621221 0.53621221 0.53621221 
0.300038235 0.561079546 0.529665243 0.332723198 0.483699645 0.561079546 0.717674917 0.717674917 
0.717674917 0.647722944 0.63103152 0.753635176 0.753635176 0.717674917 0.804318315 0.804318315 
0.266700653 0.278080098 0.560916906 0.483900553 0.592881581 0.613139532 0.498737374 0.714949613 0.714949613 
0.2986773 0.740254793 0.67568549 0.788322255 0.740254793 0.788322255 0.861297344 
0.836650944 1.286909304 1.286909304 1.286909304 1.286909304 
1.009650432 0.945959685 1.103651157 1.205816282 1.205816282 
1.103651157 1.205816282 1.286909304 1.205816282 1.286909304 
0.232304566 0.195746409 0.592881581 0.417821985 0.390752865 0.592881581 0.592881581 0.714949613 0.714949613 
0.243238769 0.544388122 0.580348381 0.63103152 0.603138576 0.61630864 0.647722944 0.753635176 
0.673298717 0.668700813 1.067186846 0.798439897 1.067186846 
0.277987164 0.480927655 0.704352732 0.72117888 0.820199905 0.788322255 0.919220931 
0.897727274 1.067186846 0.965021721 1.205816282 1.286909304 
0.714469128 0.789927974 1.148279868 0.897727274 0.986093824 
0.251673955 0.663255293 0.820199905 0.820199905 0.919220931 0.919220931 0.919220931 
0.47443303 0.72117888 0.663255293 0.762276319 0.919220931 0.919220931 0.919220931 
0.95689989 0.293619614 0.889322372 0.95689989 0.804184768 1.07242442 
0.672775208 0.348456849 0.557250678 0.586129298 0.919709298 1.07242442 
0.889322372 0.638642806 0.688660238 0.863630592 1.004846902 1.07242442 
0.25910035 0.374054843 0.195746409 0.278080098 0.295753953 0.63793326 0.714949613 0.714949613 0.714949613 
0.706220324 0.788299738 0.610326299 0.773797842 0.889322372 1.004846902 
0.291487894 0.220214711 0.63103152 0.647722944 0.804318315 0.804318315 0.804318315 0.804318315 
0.352343537 0.668700813 0.871020995 1.103651157 1.286909304 
0.76045739 0.680528544 0.863630592 1.004846902 1.004846902 1.07242442 
0.510335091 0.251673955 0.641233767 0.72117888 0.861297344 0.919220931 0.919220931 
0.40005098 0.76045739 0.863630592 0.863630592 1.07242442 1.07242442 
0.698021508 1.148279868 1.103651157 1.286909304 1.286909304 
0.539312234 0.863630592 0.863630592 0.84137536 1.07242442 1.07242442 
0.510335091 0.788322255 0.72117888 0.689301229 0.861297344 0.919220931 0.919220931 
0.2986773 0.861297344 0.704352732 0.72117888 0.919220931 0.919220931 0.919220931 
0.243238769 0.220214711 0.580348381 0.689781973 0.647722944 0.666991779 0.666991779 0.804318315 
0.233190315 0.240030588 0.20907411 0.383185683 0.351677579 0.504825216 0.533593423 0.482510861 0.518178355 0.533593423 
0.92855741 0.986093824 1.103651157 1.148279868 1.286909304 
0.582975788 1.206277152 1.295445888 1.60863663 
0.415128901 0.486477537 0.529665243 0.689781973 0.544388122 0.666991779 0.717674917 
0.897727274 0.816634252 1.205816282 1.148279868 1.205816282 
0.847464388 0.986093824 1.148279868 0.816634252 1.148279868 
0.897727274 1.148279868 0.945959685 1.286909304 1.286909304 
0.251673955 0.663255293 0.788322255 0.65182062 0.704352732 0.861297344 0.919220931 
0.466380631 0.986093824 1.067186846 1.286909304 1.286909304 
0.871020995 0.858896071 1.103651157 0.912548868 1.286909304 
0.95689989 0.95689989 0.821744854 0.863630592 1.004846902 1.07242442 
0.897727274 0.847464388 1.148279868 0.897727274 1.286909304 
1.333983558 1.206277152 1.507270353 1.60863663 
0.348456849 0.773797842 0.586129298 0.821744854 0.919709298 0.95689989 
0.40005098 0.863630592 0.773797842 0.95689989 1.07242442 1.07242442 
0.357531555 0.788322255 0.72117888 0.861297344 0.861297344 0.861297344 0.919220931 
0.233190315 0.194591015 0.20907411 0.435510498 0.418325472 0.518178355 0.399219948 0.602908141 0.518178355 0.551825579 
0.557250678 0.773797842 0.417120148 0.84137536 0.919709298 1.07242442 
0.300038235 0.332723198 0.570343043 0.753635176 0.753635176 0.753635176 0.804318315 0.804318315 
2.14484884 2.14484884 2.14484884 
1.03635671 0.986093824 1.148279868 1.286909304 1.286909304 
0.67568549 0.58331018 0.613497194 0.820199905 0.67568549 0.740254793 0.919220931 
0.232304566 0.195746409 0.575753728 0.669897935 0.575753728 0.575753728 0.592881581 0.714949613 0.714949613 
0.466380631 1.03635671 1.286909304 1.286909304 1.286909304 
1.295445888 1.295445888 1.379563947 1.60863663 
0.562041117 0.423732194 0.266178558 0.574139934 0.36619578 0.533593423 0.533593423 0.518178355 0.448863637 
0.352343537 0.847464388 1.103651157 1.286909304 1.286909304 
0.38918203 1.03635671 0.986093824 1.03635671 1.148279868 
0.672775208 0.688660238 0.84137536 0.863630592 1.07242442 1.07242442 
0.243238769 0.220214711 0.536810044 0.529665243 0.457744725 0.580348381 0.753635176 0.804318315 
0.420811698 0.220214711 0.470049734 0.603138576 0.603138576 0.666991779 0.804318315 0.804318315 
0.47443303 0.590280204 0.689301229 0.641233767 0.861297344 0.740254793 0.919220931 
0.897727274 1.148279868 0.965021721 1.148279868 1.286909304 
0.704352732 0.65182062 0.704352732 0.740254793 0.861297344 0.861297344 0.919220931 
1.067186846 1.148279868 0.986093824 1.03635671 1.286909304 
1.103651157 1.009650432 1.009650432 1.205816282 1.286909304 
0.664206242 0.532357116 1.067186846 1.286909304 1.286909304 
0.553505202 0.688660238 0.665366581 0.658273311 1.004846902 1.07242442 
0.281020559 0.20907411 0.176171768 0.376039787 0.574139934 0.574139934 0.574139934 0.602908141 0.602908141 0.643454652 
0.965021721 0.732391559 0.92855741 1.009650432 1.03635671 
0.561079546 0.312840111 0.529665243 0.717674917 0.666991779 0.804318315 0.804318315 0.804318315 
0.468367598 0.773797842 0.84137536 1.004846902 1.004846902 1.07242442 
1.379563947 0.830257802 1.295445888 1.507270353 
0.25910035 0.232304566 0.195746409 0.498737374 0.575753728 0.390752865 0.63793326 0.714949613 0.714949613 
0.504581406 0.516495178 0.647722944 0.312840111 0.457744725 0.753635176 0.647722944 0.804318315 
0.34290084 0.2986773 0.613497194 0.67568549 0.788322255 0.762276319 0.861297344 
0.986093824 0.352343537 1.205816282 1.067186846 1.286909304 
0.986093824 1.205816282 1.148279868 1.286909304 1.286909304 
0.351275698 0.457744725 0.312840111 0.666991779 0.804318315 0.804318315 0.804318315 0.804318315 
1.067186846 1.03635671 1.148279868 1.148279868 1.286909304 
0.504581406 0.510396408 0.689781973 0.63103152 0.753635176 0.666991779 0.666991779 0.804318315 
0.40005098 0.348456849 0.715746726 0.788299738 0.919709298 0.889322372 
0.897727274 1.103651157 1.03635671 0.986093824 0.986093824 
0.663255293 0.605331706 0.605331706 0.820199905 0.919220931 0.919220931 0.919220931 
1.295445888 1.435349835 1.60863663 1.60863663 
0.277987164 0.251673955 0.357531555 0.58331018 0.861297344 0.622157854 0.820199905 
0.748106062 0.76045739 0.863630592 0.919709298 1.07242442 1.07242442 
1.067186846 1.103651157 1.205816282 1.205816282 1.103651157 
0.324318358 0.773797842 0.889322372 0.788299738 0.84137536 0.95689989 
0.889322372 0.626732978 0.788299738 0.863630592 1.004846902 1.07242442 
0.351275698 0.220214711 0.666991779 0.717674917 0.666991779 0.689781973 0.689781973 0.804318315 
0.351275698 0.536810044 0.332723198 0.561079546 0.647722944 0.561079546 0.717674917 0.63103152 
0.576664464 0.67568549 0.704352732 0.861297344 0.861297344 0.919220931 0.919220931 
0.2986773 0.380255083 0.740254793 0.820199905 0.820199905 0.861297344 0.919220931 
0.352343537 0.871020995 0.858896071 0.912548868 1.067186846 
0.333129022 0.277987164 0.663255293 0.762276319 0.919220931 0.919220931 0.919220931 
0.38918203 1.03635671 0.945959685 1.286909304 1.286909304 
0.261342637 0.536810044 0.689781973 0.753635176 0.753635176 0.689781973 0.804318315 0.804318315 
0.352343537 1.03635671 1.205816282 1.286909304 1.286909304 
1.205816282 1.067186846 0.816634252 1.148279868 1.286909304 
0.300038235 0.243238769 0.261342637 0.603138576 0.439596973 0.753635176 0.529665243 0.666991779 
0.237216515 0.17145042 0.344650615 0.178765778 0.190127541 0.36058944 0.337842745 0.344650615 0.36058944 0.331627646 0.36058944 0.381138159 0.459610466 0.459610466 
0.251673955 0.613497194 0.861297344 0.820199905 0.820199905 0.861297344 0.919220931 
0.562041117 0.194591015 0.336649358 0.533593423 0.448863637 0.493046912 0.448863637 0.504825216 0.551825579 
0.251673955 0.740254793 0.704352732 0.919220931 0.919220931 0.919220931 0.919220931 
0.357531555 0.740254793 0.641233767 0.820199905 0.919220931 0.919220931 0.919220931 
0.38918203 0.945959685 1.148279868 1.148279868 1.286909304 
0.615617749 0.84137536 0.72585083 1.004846902 1.07242442 1.07242442 
0.251673955 0.704352732 0.740254793 0.820199905 0.919220931 0.919220931 0.919220931 
0.820199905 0.251673955 0.590280204 0.740254793 0.762276319 0.861297344 0.919220931 
1.160696762 1.262063039 1.507270353 1.60863663 
0.553505202 0.84137536 0.95689989 1.07242442 1.07242442 1.07242442 
1.03635671 1.148279868 1.205816282 1.286909304 1.286909304 
0.333129022 0.597607817 0.861297344 0.740254793 0.820199905 0.740254793 0.919220931 
0.423982392 0.41479494 0.306044871 0.385211086 0.429981675 0.332905254 0.42207155 0.501659617 0.408057852 0.584958774 
1.03635671 1.205816282 1.205816282 1.286909304 1.286909304 
0.401457941 0.523136828 0.613497194 0.762276319 0.380255083 0.605331706 0.919220931 
1.03635671 1.148279868 0.871020995 1.067186846 1.286909304 
0.76045739 0.293619614 0.95689989 1.07242442 1.07242442 1.07242442 
0.251673955 0.689301229 0.788322255 0.72117888 0.788322255 0.820199905 0.919220931 
0.348456849 0.44363093 1.004846902 0.95689989 1.07242442 1.07242442 
0.352343537 0.986093824 1.067186846 1.03635671 1.286909304 
1.03635671 1.103651157 1.148279868 1.148279868 1.286909304 
0.748106062 0.715746726 0.773797842 0.821744854 0.889322372 1.07242442 
0.34290084 0.277987164 0.689301229 0.788322255 0.605331706 0.740254793 0.919220931 
0.348456849 0.788299738 0.863630592 1.004846902 0.863630592 1.004846902 
0.2986773 0.663255293 0.605331706 0.72117888 0.788322255 0.820199905 0.820199905 
0.388650526 0.468367598 0.919709298 1.004846902 1.004846902 1.07242442 
0.333129022 0.2986773 0.820199905 0.820199905 0.622157854 0.72117888 0.919220931 
0.64493286 0.863630592 0.863630592 1.07242442 1.07242442 1.07242442 
0.195746409 0.278080098 0.547829902 0.536123178 0.669897935 0.63793326 0.714949613 0.714949613 0.714949613 
0.277987164 0.641233767 0.552799594 0.788322255 0.67568549 0.788322255 0.861297344 
0.561082264 0.84137536 0.95689989 0.95689989 1.004846902 1.004846902 
0.561079546 0.436263442 0.483699645 0.717674917 0.753635176 0.717674917 0.804318315 0.804318315 
1.020792815 1.60863663 1.60863663 1.60863663 
0.333129022 0.510335091 0.641233767 0.820199905 0.861297344 0.919220931 0.919220931 
0.293619614 0.95689989 1.004846902 1.07242442 1.07242442 1.07242442 
1.104910875 1.379563947 1.507270353 1.60863663 
0.2986773 0.590280204 0.788322255 0.502396541 0.820199905 0.72117888 0.919220931 
0.277987164 0.2986773 0.641233767 0.663255293 0.502396541 0.762276319 0.919220931 
0.65182062 0.357531555 0.861297344 0.788322255 0.919220931 0.919220931 0.919220931 
0.714469128 0.352343537 0.965021721 1.067186846 1.286909304 
0.277987164 0.861297344 0.380255083 0.919220931 0.919220931 0.919220931 0.919220931 
0.352343537 1.009650432 0.897727274 0.871020995 1.286909304 
0.388650526 0.293619614 0.84137536 0.95689989 1.004846902 1.004846902 
0.826392285 0.912548868 0.986093824 1.205816282 1.286909304 
0.300038235 0.717674917 0.647722944 0.510396408 0.510396408 0.753635176 0.804318315 0.804318315 
0.664206242 0.773919432 0.945959685 1.205816282 1.286909304 
0.889322372 0.863630592 0.919709298 0.919709298 1.07242442 1.07242442 
